 0.01525       74.0217 
 0.01525       74.0217 
 0.03125       74.0217 
 0.03125       74.0217 
 0.04625       74.0217 
 0.04625       75.0217 
 0.06225       74.0217 
 0.06225       74.0217 
 0.07725       74.0217 
 0.07725       74.0217 
 0.09325       73.0217 
 0.10925       74.0217 
 0.10925       74.0217 
 0.12425       75.0217 
 0.12425       74.0217 
 0.12425       74.0217 
 0.14025       74.0217 
 0.14025       74.0217 
 0.15625       74.0217 
 0.15625       74.0217 
 0.17125       75.0217 
 0.18725       74.0217 
 0.18725       73.0217 
 0.20225       73.0217 
 0.20225       74.0217 
 0.21825       75.0217 
 0.21825       74.0217 
 0.23425       74.0217 
 0.23425       74.0217 
 0.24925       74.0217 
 0.24925       74.0217 
 0.26525       74.0217 
 0.26525       74.0217 
 0.28125       74.0217 
 0.28125       74.0217 
 0.29625       74.0217 
 0.29625       74.0217 
 0.31225       74.0217 
 0.31225       74.0217 
 0.32725       74.0217 
 0.32725       73.0217 
 0.34325       74.0217 
 0.34325       74.0217 
 0.35925       73.0217 
 0.35925       74.0217 
 0.37425       75.0217 
 0.37425       74.0217 
 0.39025       74.0217 
 0.39025       74.0217 
 0.40625       74.0217 
 0.42125       73.0217 
 0.42125       74.0217 
 0.42125       74.0217 
 0.43725       74.0217 
 0.43725       74.0217 
 0.45225       73.0217 
 0.46825       74.0217 
 0.46825       74.0217 
 0.48425       75.0217 
 0.48425       74.0217 
 0.49925       75.0217 
 0.49925       74.0217 
 0.51525       73.0217 
 0.51525       74.0217 
 0.53125       74.0217 
 0.53125       74.0217 
 0.54625       74.0217 
 0.54625       74.0217 
 0.56225       74.0217 
 0.56225       74.0217 
 0.57725       73.0217 
 0.57725       74.0217 
 0.59325       74.0217 
 0.59325       75.0217 
 0.60925       74.0217 
 0.60925       74.0217 
 0.62425       74.0217 
 0.62425       74.0217 
 0.64025       74.0217 
 0.64025       74.0217 
 0.65625       75.0217 
 0.65625       74.0217 
 0.67125       73.0217 
 0.67125       74.0217 
 0.68725       74.0217 
 0.68725       75.0217 
 0.70225       74.0217 
 0.70225       74.0217 
 0.71825       74.0217 
 0.71825       74.0217 
 0.73425       74.0217 
 0.73425       74.0217 
 0.74925       74.0217 
 0.74925       74.0217 
 0.76525       74.0217 
 0.76525       74.0217 
 0.78125       74.0217 
 0.78125       74.0217 
 0.79625       74.0217 
 0.79625       74.0217 
 0.81225       74.0217 
 0.81225       74.0217 
 0.82725       74.0217 
 0.82725       74.0217 
 0.84325       74.0217 
 0.85925       74.0217 
 0.85925       74.0217 
 0.87425       74.0217 
 0.87425       73.0217 
 0.89025       73.0217 
 0.89025       73.0217 
 0.90625       73.0217 
 0.90625       73.0217 
 0.92125       72.0217 
 0.92125       71.0217 
 0.93725       71.0217 
 0.93725       71.0217 
 0.95225       70.0217 
 0.95225       69.0217 
 0.96825       69.0217 
 0.96825       68.0217 
 0.98425       68.0217 
 0.98425       66.0217 
 0.99925       67.0217 
 0.99925       66.0217 
 1.01525       65.0217 
 1.01525       64.0217 
 1.03125       62.0217 
 1.03125       62.0217 
 1.04625       61.0217 
 1.04625       61.0217 
 1.06225       60.0217 
 1.06225       59.0217 
 1.07725       57.0217 
 1.07725       57.0217 
 1.09325       55.0217 
 1.10925       49.0217 
 1.10925       54.0217 
 1.12425       53.0217 
 1.12425       51.0217 
 1.14025       50.0217 
 1.14025       49.0217 
 1.15625       47.0217 
 1.15625       47.0217 
 1.17125       46.0217 
 1.17125       44.0217 
 1.18725       43.0217 
 1.18725       41.0217 
 1.20225       40.0217 
 1.20225       39.0217 
 1.21825       38.0217 
 1.21825       37.0217 
 1.23425       35.0217 
 1.23425       34.0217 
 1.24925       32.0217 
 1.24925       31.0217 
 1.26525       29.0217 
 1.26525       28.0217 
 1.28125       27.0217 
 1.28125       25.0217 
 1.29625       23.0217 
 1.29625       22.0217 
 1.31225       21.0217 
 1.31225       20.0217 
 1.32725       18.0217 
 1.32725       17.0217 
 1.34325       15.0217 
 1.34325       13.0217 
 1.35925       12.0217 
 1.35925       11.0217 
 1.37425       9.0217 
 1.37425       9.0217 
 1.39025       7.0217 
 1.39025       6.0217 
 1.40625       4.0217 
 1.40625       3.0217 
 1.42125       2.0217 
 1.42125       1.0217 
 1.43725      -0.978302 
 1.45225      -2.9783 
 1.45225      -3.9783 
 1.46825      -5.9783 
 1.46825      -6.9783 
 1.48425      -7.9783 
 1.48425      -8.9783 
 1.49925      -9.9783 
 1.49925      -11.9783 
 1.51525      -13.9783 
 1.51525      -13.9783 
 1.53125      -15.9783 
 1.53125      -16.9783 
 1.54625      -17.9783 
 1.54625      -18.9783 
 1.56225      -20.9783 
 1.56225      -21.9783 
 1.57725      -21.9783 
 1.57725      -23.9783 
 1.59325      -24.9783 
 1.59325      -26.9783 
 1.60925      -26.9783 
 1.60925      -28.9783 
 1.62425      -28.9783 
 1.62425      -29.9783 
 1.64025      -30.9783 
 1.64025      -32.9783 
 1.65625      -32.9783 
 1.65625      -34.9783 
 1.67125      -35.9783 
 1.67125      -35.9783 
 1.68725      -36.9783 
 1.68725      -37.9783 
 1.70225      -38.9783 
 1.70225      -39.9783 
 1.71825      -40.9783 
 1.71825      -40.9783 
 1.73425      -41.9783 
 1.73425      -42.9783 
 1.74925      -43.9783 
 1.74925      -44.9783 
 1.76525      -45.9783 
 1.76525      -45.9783 
 1.78125      -45.9783 
 1.78125      -46.9783 
 1.79625      -46.9783 
 1.81225      -47.9783 
 1.81225      -48.9783 
 1.81225      -48.9783 
 1.82725      -48.9783 
 1.84325      -49.9783 
 1.84325      -49.9783 
 1.85925      -50.9783 
 1.85925      -50.9783 
 1.87425      -51.9783 
 1.87425      -51.9783 
 1.89025      -51.9783 
 1.89025      -51.9783 
 1.90625      -51.9783 
 1.90625      -51.9783 
 1.92125      -52.9783 
 1.92125      -52.9783 
 1.93725      -51.9783 
 1.93725      -52.9783 
 1.95225      -52.9783 
 1.95225      -52.9783 
 1.96825      -52.9783 
 1.96825      -52.9783 
 1.98425      -52.9783 
 1.98425      -51.9783 
 1.99925      -51.9783 
 1.99925      -51.9783 
 2.01525      -52.9783 
 2.01525      -52.9783 
 2.03125      -52.9783 
 2.03125      -51.9783 
 2.04625      -51.9783 
 2.04625      -50.9783 
 2.06225      -50.9783 
 2.06225      -50.9783 
 2.07725      -50.9783 
 2.07725      -49.9783 
 2.09325      -49.9783 
 2.09325      -48.9783 
 2.10925      -48.9783 
 2.10925      -48.9783 
 2.12425      -48.9783 
 2.14025      -47.9783 
 2.14025      -46.9783 
 2.15625      -45.9783 
 2.15625      -45.9783 
 2.17125      -44.9783 
 2.17125      -44.9783 
 2.18725      -43.9783 
 2.18725      -43.9783 
 2.20225      -42.9783 
 2.20225      -41.9783 
 2.21825      -40.9783 
 2.21825      -40.9783 
 2.23425      -39.9783 
 2.23425      -39.9783 
 2.24925      -37.9783 
 2.24925      -37.9783 
 2.26525      -36.9783 
 2.26525      -35.9783 
 2.28125      -35.9783 
 2.28125      -34.9783 
 2.29625      -33.9783 
 2.29625      -32.9783 
 2.31225      -31.9783 
 2.31225      -30.9783 
 2.32725      -30.9783 
 2.32725      -29.9783 
 2.34325      -28.9783 
 2.34325      -27.9783 
 2.35925      -26.9783 
 2.35925      -25.9783 
 2.37425      -24.9783 
 2.37425      -23.9783 
 2.39025      -22.9783 
 2.39025      -21.9783 
 2.40625      -20.9783 
 2.40625      -19.9783 
 2.42125      -18.9783 
 2.42125      -18.9783 
 2.43725      -17.9783 
 2.43725      -16.9783 
 2.45225      -14.9783 
 2.45225      -14.9783 
 2.46825      -12.9783 
 2.46825      -12.9783 
 2.48425      -11.9783 
 2.49925      -10.9783 
 2.49925      -9.9783 
 2.51525      -7.9783 
 2.51525      -6.9783 
 2.53125      -5.9783 
 2.53125      -5.9783 
 2.54625      -4.9783 
 2.54625      -3.9783 
 2.56225      -1.9783 
 2.56225      -0.978302 
 2.57725       0.021698 
 2.57725       0.021698 
 2.59325       1.0217 
 2.59325       1.0217 
 2.60925       3.0217 
 2.60925       4.0217 
 2.62425       6.0217 
 2.62425       6.0217 
 2.64025       7.0217 
 2.64025       8.0217 
 2.65625       9.0217 
 2.65625       10.0217 
 2.67125       11.0217 
 2.67125       12.0217 
 2.68725       12.0217 
 2.68725       13.0217 
 2.70225       14.0217 
 2.70225       15.0217 
 2.71825       16.0217 
 2.71825       17.0217 
 2.73425       17.0217 
 2.73425       18.0217 
 2.74925       19.0217 
 2.74925       20.0217 
 2.76525       21.0217 
 2.78125       22.0217 
 2.78125       22.0217 
 2.78125       22.0217 
 2.79625       23.0217 
 2.81225       24.0217 
 2.81225       25.0217 
 2.82725       26.0217 
 2.82725       26.0217 
 2.84325       27.0217 
 2.84325       28.0217 
 2.85925       28.0217 
 2.85925       29.0217 
 2.87425       30.0217 
 2.87425       30.0217 
 2.89025       31.0217 
 2.89025       31.0217 
 2.90625       31.0217 
 2.90625       32.0217 
 2.92125       33.0217 
 2.92125       33.0217 
 2.93725       34.0217 
 2.93725       34.0217 
 2.95225       34.0217 
 2.95225       34.0217 
 2.96825       35.0217 
 2.96825       36.0217 
 2.98425       36.0217 
 2.98425       36.0217 
 2.99925       36.0217 
 2.99925       36.0217 
 3.01525       37.0217 
 3.01525       37.0217 
 3.03125       37.0217 
 3.03125       38.0217 
 3.04625       38.0217 
 3.04625       37.0217 
 3.06225       37.0217 
 3.06225       38.0217 
 3.07725       38.0217 
 3.07725       38.0217 
 3.09325       38.0217 
 3.10925       37.0217 
 3.10925       37.0217 
 3.10925       37.0217 
 3.12425       37.0217 
 3.14025       38.0217 
 3.14025       38.0217 
 3.15625       37.0217 
 3.15625       37.0217 
 3.15625       37.0217 
 3.17125       37.0217 
 3.18725       37.0217 
 3.18725       37.0217 
 3.20225       36.0217 
 3.20225       36.0217 
 3.21825       35.0217 
 3.21825       35.0217 
 3.23425       35.0217 
 3.23425       35.0217 
 3.24925       34.0217 
 3.24925       34.0217 
 3.26525       34.0217 
 3.26525       33.0217 
 3.28125       33.0217 
 3.28125       33.0217 
 3.29625       32.0217 
 3.29625       32.0217 
 3.31225       31.0217 
 3.31225       31.0217 
 3.32725       30.0217 
 3.32725       30.0217 
 3.34325       30.0217 
 3.34325       29.0217 
 3.35925       28.0217 
 3.35925       27.0217 
 3.37425       26.0217 
 3.37425       27.0217 
 3.39025       26.0217 
 3.39025       25.0217 
 3.40625       25.0217 
 3.40625       24.0217 
 3.42125       23.0217 
 3.42125       23.0217 
 3.43725       23.0217 
 3.45225       22.0217 
 3.45225       21.0217 
 3.46825       20.0217 
 3.46825       19.0217 
 3.48425       18.0217 
 3.48425       18.0217 
 3.48425       18.0217 
 3.49925       17.0217 
 3.51525       16.0217 
 3.51525       15.0217 
 3.53125       15.0217 
 3.53125       14.0217 
 3.54625       14.0217 
 3.54625       13.0217 
 3.56225       12.0217 
 3.56225       12.0217 
 3.57725       11.0217 
 3.57725       10.0217 
 3.59325       9.0217 
 3.59325       9.0217 
 3.60925       8.0217 
 3.60925       7.0217 
 3.62425       7.0217 
 3.62425       6.0217 
 3.64025       5.0217 
 3.64025       5.0217 
 3.65625       4.0217 
 3.65625       3.0217 
 3.67125       2.0217 
 3.67125       1.0217 
 3.68725       1.0217 
 3.68725       0.021698 
 3.70225       0.021698 
 3.70225      -0.978302 
 3.71825      -1.9783 
 3.71825      -2.9783 
 3.73425      -3.9783 
 3.73425      -3.9783 
 3.74925      -4.9783 
 3.74925      -4.9783 
 3.76525      -5.9783 
 3.76525      -6.9783 
 3.78125      -7.9783 
 3.78125      -7.9783 
 3.79625      -8.9783 
 3.79625      -8.9783 
 3.81225      -9.9783 
 3.81225      -9.9783 
 3.82725      -10.9783 
 3.84325      -11.9783 
 3.84325      -12.9783 
 3.85925      -12.9783 
 3.85925      -12.9783 
 3.87425      -13.9783 
 3.87425      -13.9783 
 3.89025      -14.9783 
 3.89025      -15.9783 
 3.90625      -16.9783 
 3.90625      -15.9783 
 3.92125      -16.9783 
 3.92125      -17.9783 
 3.93725      -17.9783 
 3.93725      -17.9783 
 3.95225      -18.9783 
 3.95225      -18.9783 
 3.96825      -19.9783 
 3.96825      -19.9783 
 3.98425      -19.9783 
 3.98425      -20.9783 
 3.99925      -21.9783 
 3.99925      -21.9783 
 4.01525      -22.9783 
 4.01525      -21.9783 
 4.03125      -22.9783 
 4.03125      -22.9783 
 4.04625      -23.9783 
 4.04625      -23.9783 
 4.06225      -23.9783 
 4.06225      -23.9783 
 4.07725      -24.9783 
 4.07725      -24.9783 
 4.09325      -24.9783 
 4.09325      -25.9783 
 4.10925      -25.9783 
 4.10925      -24.9783 
 4.12425      -25.9783 
 4.12425      -25.9783 
 4.14025      -25.9783 
 4.14025      -25.9783 
 4.15625      -25.9783 
 4.15625      -25.9783 
 4.17125      -25.9783 
 4.18725      -25.9783 
 4.18725      -25.9783 
 4.20225      -26.9783 
 4.20225      -26.9783 
 4.21825      -26.9783 
 4.21825      -26.9783 
 4.23425      -26.9783 
 4.23425      -26.9783 
 4.24925      -26.9783 
 4.24925      -26.9783 
 4.26525      -26.9783 
 4.26525      -26.9783 
 4.28125      -26.9783 
 4.28125      -26.9783 
 4.29625      -26.9783 
 4.29625      -26.9783 
 4.31225      -26.9783 
 4.31225      -26.9783 
 4.32725      -25.9783 
 4.32725      -25.9783 
 4.34325      -25.9783 
 4.34325      -25.9783 
 4.35925      -24.9783 
 4.35925      -24.9783 
 4.37425      -24.9783 
 4.37425      -24.9783 
 4.39025      -23.9783 
 4.39025      -23.9783 
 4.40625      -23.9783 
 4.40625      -23.9783 
 4.42125      -23.9783 
 4.42125      -22.9783 
 4.43725      -22.9783 
 4.43725      -22.9783 
 4.45225      -21.9783 
 4.45225      -21.9783 
 4.46825      -21.9783 
 4.46825      -21.9783 
 4.48425      -20.9783 
 4.48425      -20.9783 
 4.49925      -19.9783 
 4.51525      -19.9783 
 4.51525      -19.9783 
 4.53125      -19.9783 
 4.53125      -18.9783 
 4.54625      -18.9783 
 4.54625      -17.9783 
 4.56225      -17.9783 
 4.56225      -17.9783 
 4.57725      -16.9783 
 4.57725      -15.9783 
 4.59325      -15.9783 
 4.59325      -15.9783 
 4.60925      -14.9783 
 4.60925      -14.9783 
 4.62425      -14.9783 
 4.62425      -13.9783 
 4.64025      -12.9783 
 4.64025      -12.9783 
 4.65625      -11.9783 
 4.65625      -11.9783 
 4.67125      -11.9783 
 4.67125      -11.9783 
 4.68725      -10.9783 
 4.68725      -10.9783 
 4.70225      -9.9783 
 4.70225      -8.9783 
 4.71825      -8.9783 
 4.71825      -8.9783 
 4.73425      -8.9783 
 4.73425      -6.9783 
 4.74925      -6.9783 
 4.74925      -5.9783 
 4.76525      -5.9783 
 4.76525      -5.9783 
 4.78125      -5.9783 
 4.79625      -4.9783 
 4.79625      -3.9783 
 4.79625      -3.9783 
 4.81225      -2.9783 
 4.81225      -2.9783 
 4.82725      -2.9783 
 4.84325      -1.9783 
 4.84325      -0.978302 
 4.85925      -0.978302 
 4.85925       0.021698 
 4.87425       0.021698 
 4.87425       1.0217 
 4.89025       1.0217 
 4.89025       2.0217 
 4.90625       2.0217 
 4.90625       3.0217 
 4.92125       3.0217 
 4.92125       3.0217 
 4.93725       4.0217 
 4.93725       4.0217 
 4.95225       5.0217 
 4.95225       5.0217 
 4.96825       6.0217 
 4.96825       6.0217 
 4.98425       6.0217 
 4.98425       6.0217 
 4.99925       7.0217 
 4.99925       8.0217 
 5.01525       8.0217 
 5.01525       9.0217 
 5.03125       9.0217 
 5.03125       9.0217 
 5.04625       9.0217 
 5.04625       10.0217 
 5.06225       11.0217 
 5.06225       11.0217 
 5.07725       11.0217 
 5.07725       11.0217 
 5.09325       11.0217 
 5.09325       12.0217 
 5.10925       12.0217 
 5.10925       12.0217 
 5.12425       13.0217 
 5.12425       13.0217 
 5.14025       13.0217 
 5.14025       13.0217 
 5.15625       14.0217 
 5.15625       14.0217 
 5.17125       14.0217 
 5.18725       14.0217 
 5.18725       15.0217 
 5.20225       15.0217 
 5.20225       15.0217 
 5.21825       16.0217 
 5.21825       16.0217 
 5.23425       16.0217 
 5.23425       16.0217 
 5.24925       16.0217 
 5.24925       16.0217 
 5.26525       16.0217 
 5.26525       16.0217 
 5.28125       17.0217 
 5.28125       16.0217 
 5.29625       16.0217 
 5.29625       16.0217 
 5.31225       17.0217 
 5.31225       17.0217 
 5.32725       17.0217 
 5.32725       17.0217 
 5.34325       17.0217 
 5.34325       17.0217 
 5.35925       17.0217 
 5.35925       17.0217 
 5.37425       17.0217 
 5.37425       17.0217 
 5.39025       17.0217 
 5.39025       17.0217 
 5.40625       17.0217 
 5.40625       17.0217 
 5.42125       17.0217 
 5.42125       17.0217 
 5.43725       17.0217 
 5.43725       17.0217 
 5.45225       16.0217 
 5.45225       16.0217 
 5.46825       16.0217 
 5.46825       16.0217 
 5.48425       16.0217 
 5.48425       16.0217 
 5.49925       16.0217 
 5.51525       15.0217 
 5.51525       15.0217 
 5.53125       16.0217 
 5.53125       15.0217 
 5.54625       15.0217 
 5.54625       15.0217 
 5.56225       15.0217 
 5.56225       14.0217 
 5.57725       15.0217 
 5.57725       14.0217 
 5.59325       14.0217 
 5.59325       14.0217 
 5.60925       13.0217 
 5.60925       13.0217 
 5.62425       13.0217 
 5.62425       13.0217 
 5.64025       13.0217 
 5.64025       12.0217 
 5.65625       12.0217 
 5.65625       12.0217 
 5.67125       11.0217 
 5.67125       11.0217 
 5.68725       11.0217 
 5.68725       11.0217 
 5.70225       10.0217 
 5.70225       9.0217 
 5.71825       9.0217 
 5.71825       10.0217 
 5.73425       9.0217 
 5.73425       10.0217 
 5.74925       9.0217 
 5.74925       8.0217 
 5.76525       8.0217 
 5.76525       8.0217 
 5.78125       8.0217 
 5.78125       8.0217 
 5.79625       7.0217 
 5.79625       7.0217 
 5.81225       6.0217 
 5.81225       6.0217 
 5.82725       6.0217 
 5.84325       6.0217 
 5.84325       5.0217 
 5.85925       5.0217 
 5.85925       5.0217 
 5.87425       4.0217 
 5.87425       4.0217 
 5.89025       4.0217 
 5.89025       3.0217 
 5.90625       3.0217 
 5.90625       2.0217 
 5.92125       2.0217 
 5.92125       2.0217 
 5.93725       2.0217 
 5.93725       2.0217 
 5.95225       1.0217 
 5.95225       1.0217 
 5.96825       1.0217 
 5.96825       0.021698 
 5.98425       0.021698 
 5.98425       0.021698 
 5.99925      -0.978302 
 5.99925      -0.978302 
 6.01525      -1.9783 
 6.01525      -1.9783 
 6.03125      -1.9783 
 6.03125      -1.9783 
 6.04625      -2.9783 
 6.04625      -2.9783 
 6.06225      -2.9783 
 6.06225      -3.9783 
 6.07725      -3.9783 
 6.07725      -4.9783 
 6.09325      -3.9783 
 6.09325      -4.9783 
 6.10925      -4.9783 
 6.12425      -5.9783 
 6.12425      -5.9783 
 6.12425      -5.9783 
 6.14025      -5.9783 
 6.14025      -5.9783 
 6.15625      -6.9783 
 6.15625      -6.9783 
 6.17125      -6.9783 
 6.18725      -6.9783 
 6.18725      -6.9783 
 6.20225      -6.9783 
 6.20225      -7.9783 
 6.21825      -7.9783 
 6.21825      -8.9783 
 6.23425      -8.9783 
 6.23425      -8.9783 
 6.24925      -8.9783 
 6.24925      -9.9783 
 6.26525      -8.9783 
 6.26525      -9.9783 
 6.28125      -9.9783 
 6.28125      -9.9783 
 6.29625      -10.9783 
 6.29625      -9.9783 
 6.31225      -9.9783 
 6.31225      -9.9783 
 6.32725      -10.9783 
 6.32725      -10.9783 
 6.34325      -10.9783 
 6.34325      -10.9783 
 6.35925      -10.9783 
 6.35925      -11.9783 
 6.37425      -11.9783 
 6.37425      -11.9783 
 6.39025      -11.9783 
 6.39025      -11.9783 
 6.40625      -10.9783 
 6.40625      -11.9783 
 6.42125      -11.9783 
 6.42125      -11.9783 
 6.43725      -11.9783 
 6.43725      -11.9783 
 6.45225      -11.9783 
 6.46825      -10.9783 
 6.46825      -11.9783 
 6.46825      -11.9783 
 6.48425      -11.9783 
 6.48425      -11.9783 
 6.49925      -11.9783 
 6.51525      -11.9783 
 6.51525      -11.9783 
 6.53125      -12.9783 
 6.53125      -11.9783 
 6.54625      -11.9783 
 6.54625      -11.9783 
 6.56225      -11.9783 
 6.56225      -11.9783 
 6.57725      -11.9783 
 6.57725      -11.9783 
 6.59325      -11.9783 
 6.59325      -12.9783 
 6.60925      -11.9783 
 6.60925      -11.9783 
 6.62425      -10.9783 
 6.62425      -10.9783 
 6.64025      -11.9783 
 6.64025      -10.9783 
 6.65625      -11.9783 
 6.65625      -10.9783 
 6.67125      -10.9783 
 6.67125      -10.9783 
 6.68725      -10.9783 
 6.68725      -10.9783 
 6.70225      -10.9783 
 6.70225      -10.9783 
 6.71825      -9.9783 
 6.71825      -8.9783 
 6.73425      -9.9783 
 6.73425      -9.9783 
 6.74925      -9.9783 
 6.74925      -9.9783 
 6.76525      -8.9783 
 6.76525      -8.9783 
 6.78125      -7.9783 
 6.79625      -8.9783 
 6.79625      -8.9783 
 6.79625      -8.9783 
 6.81225      -8.9783 
 6.82725      -7.9783 
 6.82725      -7.9783 
 6.84325      -7.9783 
 6.84325      -7.9783 
 6.85925      -7.9783 
 6.85925      -7.9783 
 6.87425      -6.9783 
 6.87425      -6.9783 
 6.89025      -7.9783 
 6.89025      -6.9783 
 6.90625      -6.9783 
 6.90625      -6.9783 
 6.92125      -5.9783 
 6.92125      -5.9783 
 6.93725      -5.9783 
 6.93725      -5.9783 
 6.95225      -5.9783 
 6.95225      -5.9783 
 6.96825      -4.9783 
 6.96825      -4.9783 
 6.98425      -3.9783 
 6.98425      -3.9783 
 6.99925      -3.9783 
 6.99925      -4.9783 
 7.01525      -3.9783 
 7.01525      -3.9783 
 7.03125      -2.9783 
 7.03125      -2.9783 
 7.04625      -3.9783 
 7.04625      -2.9783 
 7.06225      -2.9783 
 7.06225      -2.9783 
 7.07725      -1.9783 
 7.07725      -1.9783 
 7.09325      -1.9783 
 7.09325      -1.9783 
 7.10925      -1.9783 
 7.10925      -1.9783 
 7.12425      -0.978302 
 7.12425      -0.978302 
 7.14025       0.021698 
 7.14025       0.021698 
 7.15625      -0.978302 
 7.17125       0.021698 
 7.17125       0.021698 
 7.18725       0.021698 
 7.18725       1.0217 
 7.20225       1.0217 
 7.20225       0.021698 
 7.21825       1.0217 
 7.21825       1.0217 
 7.23425       1.0217 
 7.23425       2.0217 
 7.24925       2.0217 
 7.24925       2.0217 
 7.26525       1.0217 
 7.26525       2.0217 
 7.28125       2.0217 
 7.28125       3.0217 
 7.29625       2.0217 
 7.29625       3.0217 
 7.31225       2.0217 
 7.31225       3.0217 
 7.32725       3.0217 
 7.32725       3.0217 
 7.34325       3.0217 
 7.34325       4.0217 
 7.35925       3.0217 
 7.35925       3.0217 
 7.37425       3.0217 
 7.37425       3.0217 
 7.39025       4.0217 
 7.39025       4.0217 
 7.40625       4.0217 
 7.40625       4.0217 
 7.42125       4.0217 
 7.42125       4.0217 
 7.43725       4.0217 
 7.43725       4.0217 
 7.45225       5.0217 
 7.45225       5.0217 
 7.46825       5.0217 
 7.46825       5.0217 
 7.48425       5.0217 
 7.48425       5.0217 
 7.49925       5.0217 
 7.51525       5.0217 
 7.51525       5.0217 
 7.53125       6.0217 
 7.53125       5.0217 
 7.54625       5.0217 
 7.54625       5.0217 
 7.56225       5.0217 
 7.56225       6.0217 
 7.57725       5.0217 
 7.57725       5.0217 
 7.59325       5.0217 
 7.59325       6.0217 
 7.60925       6.0217 
 7.60925       6.0217 
 7.62425       6.0217 
 7.62425       5.0217 
 7.64025       5.0217 
 7.64025       5.0217 
 7.65625       6.0217 
 7.65625       6.0217 
 7.67125       6.0217 
 7.67125       5.0217 
 7.68725       5.0217 
 7.68725       5.0217 
 7.70225       5.0217 
 7.70225       5.0217 
 7.71825       5.0217 
 7.71825       6.0217 
 7.73425       5.0217 
 7.73425       5.0217 
 7.74925       5.0217 
 7.74925       5.0217 
 7.76525       5.0217 
 7.76525       5.0217 
 7.78125       5.0217 
 7.78125       5.0217 
 7.79625       5.0217 
 7.81225       4.0217 
 7.81225       5.0217 
 7.81225       5.0217 
 7.82725       5.0217 
 7.84325       4.0217 
 7.84325       4.0217 
 7.85925       4.0217 
 7.85925       4.0217 
 7.87425       4.0217 
 7.87425       4.0217 
 7.89025       4.0217 
 7.89025       4.0217 
 7.90625       4.0217 
 7.90625       3.0217 
 7.92125       4.0217 
 7.92125       4.0217 
 7.93725       4.0217 
 7.93725       3.0217 
 7.95225       3.0217 
 7.95225       3.0217 
 7.96825       3.0217 
 7.96825       4.0217 
 7.98425       4.0217 
 7.98425       3.0217 
 7.99925       3.0217 
 7.99925       2.0217 
 8.01525       2.0217 
 8.01525       3.0217 
 8.03125       3.0217 
 8.03125       3.0217 
 8.04625       2.0217 
 8.04625       2.0217 
 8.06225       2.0217 
 8.06225       2.0217 
 8.07725       2.0217 
 8.07725       3.0217 
 8.09325       2.0217 
 8.09325       2.0217 
 8.10925       1.0217 
 8.10925       1.0217 
 8.12425       4.0217 
 8.14025       2.0217 
 8.14025       2.0217 
 8.15625       1.0217 
 8.15625       1.0217 
 8.15625       1.0217 
 8.17125       1.0217 
 8.18725       1.0217 
 8.18725       1.0217 
 8.20225       1.0217 
 8.20225      -0.978302 
 8.21825       0.021698 
 8.21825       0.021698 
 8.23425       1.0217 
 8.23425       1.0217 
 8.24925      -0.978302 
 8.24925      -0.978302 
 8.26525      -0.978302 
 8.26525      -0.978302 
 8.28125       0.021698 
 8.28125       0.021698 
 8.29625       0.021698 
 8.29625      -0.978302 
 8.31225      -1.9783 
 8.31225      -0.978302 
 8.32725      -0.978302 
 8.32725      -0.978302 
 8.34325      -0.978302 
 8.34325      -0.978302 
 8.35925      -0.978302 
 8.35925      -1.9783 
 8.37425      -1.9783 
 8.37425      -0.978302 
 8.39025      -0.978302 
 8.39025      -0.978302 
 8.40625      -2.9783 
 8.40625      -1.9783 
 8.42125      -1.9783 
 8.42125      -1.9783 
 8.43725      -1.9783 
 8.43725      -1.9783 
 8.45225      -1.9783 
 8.46825      -2.9783 
 8.46825      -2.9783 
 8.46825      -2.9783 
 8.48425      -1.9783 
 8.49925      -2.9783 
 8.49925      -1.9783 
 8.51525      -2.9783 
 8.51525      -2.9783 
 8.53125      -2.9783 
 8.53125      -2.9783 
 8.54625      -2.9783 
 8.54625      -2.9783 
 8.56225      -2.9783 
 8.56225      -2.9783 
 8.57725      -2.9783 
 8.57725      -2.9783 
 8.59325      -2.9783 
 8.59325      -2.9783 
 8.60925      -3.9783 
 8.60925      -3.9783 
 8.62425      -2.9783 
 8.62425      -2.9783 
 8.64025      -3.9783 
 8.64025      -2.9783 
 8.65625      -2.9783 
 8.65625      -2.9783 
 8.67125      -3.9783 
 8.67125      -3.9783 
 8.68725      -3.9783 
 8.68725      -2.9783 
 8.70225      -2.9783 
 8.70225      -2.9783 
 8.71825      -2.9783 
 8.71825      -3.9783 
 8.73425      -2.9783 
 8.73425      -3.9783 
 8.74925      -2.9783 
 8.74925      -2.9783 
 8.76525      -3.9783 
 8.76525      -2.9783 
 8.78125      -3.9783 
 8.78125      -3.9783 
 8.79625      -3.9783 
 8.81225      -2.9783 
 8.81225      -2.9783 
 8.81225      -2.9783 
 8.82725      -3.9783 
 8.84325      -3.9783 
 8.84325      -2.9783 
 8.85925      -2.9783 
 8.85925      -2.9783 
 8.87425      -2.9783 
 8.87425      -2.9783 
 8.89025      -3.9783 
 8.89025      -3.9783 
 8.90625      -2.9783 
 8.90625      -2.9783 
 8.92125      -2.9783 
 8.92125      -3.9783 
 8.93725      -2.9783 
 8.93725      -2.9783 
 8.95225      -2.9783 
 8.95225      -2.9783 
 8.96825      -2.9783 
 8.96825      -2.9783 
 8.98425      -2.9783 
 8.98425      -2.9783 
 8.99925      -2.9783 
 8.99925      -2.9783 
 9.01525      -2.9783 
 9.01525      -2.9783 
 9.03125      -2.9783 
 9.03125      -2.9783 
 9.04625      -2.9783 
 9.04625      -2.9783 
 9.06225      -2.9783 
 9.06225      -2.9783 
 9.07725      -1.9783 
 9.07725      -1.9783 
 9.09325      -2.9783 
 9.09325      -2.9783 
 9.10925      -2.9783 
 9.10925      -2.9783 
 9.12425      -2.9783 
 9.14025      -1.9783 
 9.14025      -1.9783 
 9.15625      -2.9783 
 9.15625      -2.9783 
 9.15625      -2.9783 
 9.17125      -1.9783 
 9.18725      -1.9783 
 9.18725      -1.9783 
 9.20225      -2.9783 
 9.20225      -1.9783 
 9.21825      -2.9783 
 9.21825      -1.9783 
 9.23425      -1.9783 
 9.23425      -2.9783 
 9.24925      -1.9783 
 9.24925      -1.9783 
 9.26525      -1.9783 
 9.26525      -1.9783 
 9.28125      -1.9783 
 9.28125      -1.9783 
 9.29625      -1.9783 
 9.29625      -1.9783 
 9.31225      -1.9783 
 9.31225      -1.9783 
 9.32725      -2.9783 
 9.32725      -1.9783 
 9.34325      -1.9783 
 9.34325      -1.9783 
 9.35925      -1.9783 
 9.35925      -1.9783 
 9.37425      -1.9783 
 9.37425      -1.9783 
 9.39025      -1.9783 
 9.39025      -1.9783 
 9.40625      -0.978302 
 9.40625      -1.9783 
 9.42125      -1.9783 
 9.42125      -0.978302 
 9.43725      -1.9783 
 9.43725      -1.9783 
 9.45225      -1.9783 
 9.45225      -1.9783 
 9.46825      -1.9783 
 9.48425      -0.978302 
 9.48425      -1.9783 
 9.48425      -1.9783 
 9.49925      -1.9783 
 9.51525      -1.9783 
 9.51525      -1.9783 
 9.53125      -1.9783 
 9.53125      -0.978302 
 9.54625      -0.978302 
 9.54625      -0.978302 
 9.56225      -1.9783 
 9.56225      -0.978302 
 9.57725      -1.9783 
 9.57725      -1.9783 
 9.59325      -0.978302 
 9.59325      -0.978302 
 9.60925      -0.978302 
 9.60925      -1.9783 
 9.62425      -1.9783 
 9.62425      -1.9783 
 9.64025      -0.978302 
 9.64025      -0.978302 
 9.65625      -0.978302 
 9.65625      -0.978302 
 9.67125      -0.978302 
 9.67125      -0.978302 
 9.68725      -1.9783 
 9.68725      -0.978302 
 9.70225      -0.978302 
 9.70225      -0.978302 
 9.71825      -1.9783 
 9.71825      -0.978302 
 9.73425      -1.9783 
 9.73425      -0.978302 
 9.74925      -1.9783 
 9.74925      -0.978302 
 9.76525      -0.978302 
 9.76525      -1.9783 
 9.78125      -1.9783 
 9.78125      -1.9783 
 9.79625      -0.978302 
 9.79625      -0.978302 
 9.81225      -0.978302 
 9.81225      -0.978302 
 9.82725      -0.978302 
 9.84325      -0.978302 
 9.84325      -1.9783 
 9.85925      -0.978302 
 9.85925      -0.978302 
 9.87425      -0.978302 
 9.87425      -1.9783 
 9.89025      -1.9783 
 9.89025      -1.9783 
 9.90625      -0.978302 
 9.90625      -0.978302 
 9.92125      -0.978302 
 9.92125      -0.978302 
 9.93725      -1.9783 
 9.93725      -1.9783 
 9.95225      -1.9783 
 9.95225      -0.978302 
 9.96825      -0.978302 
 9.96825      -0.978302 
 9.98425      -1.9783 
 9.98425      -1.9783 
 9.99925      -0.978302 
 9.99925      -1.9783 
 10.0153      -0.978302 
 10.0153      -0.978302 
 10.0313      -0.978302 
 10.0313      -0.978302 
 10.0463      -1.9783 
 10.0463      -0.978302 
 10.0623      -0.978302 
 10.0623      -0.978302 
 10.0772      -1.9783 
 10.0772      -0.978302 
 10.0932      -1.9783 
 10.0932      -1.9783 
 10.1092      -0.978302 
 10.1092      -0.978302 
 10.1243      -0.978302 
 10.1243      -0.978302 
 10.1403      -0.978302 
 10.1563      -1.9783 
 10.1563      -0.978302 
 10.1563      -0.978302 
 10.1713      -0.978302 
 10.1873      -0.978302 
 10.1873      -1.9783 
 10.2022      -1.9783 
 10.2022      -0.978302 
 10.2182      -0.978302 
 10.2182      -0.978302 
 10.2342      -0.978302 
 10.2342      -0.978302 
 10.2493      -0.978302 
 10.2493      -1.9783 
 10.2653      -0.978302 
 10.2653      -0.978302 
 10.2813      -0.978302 
 10.2813      -1.9783 
 10.2963      -1.9783 
 10.2963      -1.9783 
 10.3123      -1.9783 
 10.3123      -0.978302 
 10.3272      -0.978302 
 10.3272      -0.978302 
 10.3432      -0.978302 
 10.3432      -1.9783 
 10.3592      -1.9783 
 10.3592       1.0217 
 10.3743      -0.978302 
 10.3743      -0.978302 
 10.3903      -0.978302 
 10.3903      -1.9783 
 10.4063      -1.9783 
 10.4063      -0.978302 
 10.4213      -0.978302 
 10.4213      -0.978302 
 10.4373      -0.978302 
 10.4522      -1.9783 
 10.4522      -1.9783 
 10.4522      -1.9783 
 10.4682      -1.9783 
 10.4842      -0.978302 
 10.4842      -0.978302 
 10.4842      -0.978302 
 10.4993      -1.9783 
 10.5153      -1.9783 
 10.5153      -1.9783 
 10.5313      -0.978302 
 10.5313      -0.978302 
 10.5463      -1.9783 
 10.5463      -0.978302 
 10.5623      -1.9783 
 10.5623      -1.9783 
 10.5772      -1.9783 
 10.5772      -0.978302 
 10.5932      -0.978302 
 10.5932      -0.978302 
 10.6092      -1.9783 
 10.6092      -1.9783 
 10.6243      -1.9783 
 10.6243      -0.978302 
 10.6403      -0.978302 
 10.6403      -0.978302 
 10.6563      -0.978302 
 10.6563      -1.9783 
 10.6713      -1.9783 
 10.6713      -1.9783 
 10.6873      -0.978302 
 10.6873      -0.978302 
 10.7022      -1.9783 
 10.7022      -1.9783 
 10.7182      -1.9783 
 10.7182      -1.9783 
 10.7342      -0.978302 
 10.7342      -0.978302 
 10.7493      -0.978302 
 10.7493      -0.978302 
 10.7653      -1.9783 
 10.7653      -1.9783 
 10.7813      -1.9783 
 10.7963      -0.978302 
 10.7963      -0.978302 
 10.8123      -1.9783 
 10.8123      -1.9783 
 10.8272      -0.978302 
 10.8272      -1.9783 
 10.8432      -0.978302 
 10.8432      -0.978302 
 10.8592      -0.978302 
 10.8592      -0.978302 
 10.8743      -1.9783 
 10.8743      -1.9783 
 10.8903      -0.978302 
 10.8903      -0.978302 
 10.9063      -1.9783 
 10.9063      -0.978302 
 10.9213      -0.978302 
 10.9213      -0.978302 
 10.9373      -1.9783 
 10.9373      -0.978302 
 10.9522      -0.978302 
 10.9522      -0.978302 
 10.9682      -0.978302 
 10.9682      -1.9783 
 10.9842      -0.978302 
 10.9842      -0.978302 
 10.9993      -0.978302 
 10.9993      -1.9783 
 11.0153      -1.9783 
 11.0153      -0.978302 
 11.0313      -0.978302 
 11.0313      -1.9783 
 11.0463      -0.978302 
 11.0463      -0.978302 
 11.0623      -0.978302 
 11.0623      -0.978302 
 11.0772      -1.9783 
 11.0772       0.021698 
 11.0932      -1.9783 
 11.0932      -0.978302 
 11.1092      -0.978302 
 11.1092      -0.978302 
 11.1243      -1.9783 
 11.1403      -0.978302 
 11.1403      -1.9783 
 11.1403      -1.9783 
 11.1563      -0.978302 
 11.1563      -0.978302 
 11.1713      -0.978302 
 11.1873      -0.978302 
 11.1873      -0.978302 
 11.2022      -1.9783 
 11.2022      -1.9783 
 11.2182      -0.978302 
 11.2182      -0.978302 
 11.2342      -0.978302 
 11.2342      -1.9783 
 11.2493      -1.9783 
 11.2493      -1.9783 
 11.2653      -0.978302 
 11.2653      -0.978302 
 11.2813      -0.978302 
 11.2813       0.021698 
 11.2963      -1.9783 
 11.2963      -1.9783 
 11.3123      -0.978302 
 11.3123      -0.978302 
 11.3272      -0.978302 
 11.3272      -0.978302 
 11.3432      -1.9783 
 11.3432      -1.9783 
 11.3592      -0.978302 
 11.3592      -0.978302 
 11.3743      -0.978302 
 11.3743      -0.978302 
 11.3903      -0.978302 
 11.3903      -1.9783 
 11.4063      -1.9783 
 11.4063      -1.9783 
 11.4213      -0.978302 
 11.4213      -0.978302 
 11.4373      -0.978302 
 11.4373      -0.978302 
 11.4522      -1.9783 
 11.4522      -1.9783 
 11.4682      -1.9783 
 11.4842      -0.978302 
 11.4842      -0.978302 
 11.4842      -0.978302 
 11.4993      -0.978302 
 11.5153      -1.9783 
 11.5153      -0.978302 
 11.5313      -0.978302 
 11.5313      -0.978302 
 11.5463      -0.978302 
 11.5463      -1.9783 
 11.5623      -1.9783 
 11.5623      -1.9783 
 11.5772      -0.978302 
 11.5772      -0.978302 
 11.5932      -0.978302 
 11.5932      -0.978302 
 11.6092      -1.9783 
 11.6092      -1.9783 
 11.6243      -0.978302 
 11.6243      -0.978302 
 11.6403      -0.978302 
 11.6403      -0.978302 
 11.6563      -1.9783 
 11.6563      -1.9783 
 11.6713      -1.9783 
 11.6713      -0.978302 
 11.6873      -0.978302 
 11.6873      -0.978302 
 11.7022      -0.978302 
 11.7022      -0.978302 
 11.7182      -1.9783 
 11.7182      -0.978302 
 11.7342      -0.978302 
 11.7342      -0.978302 
 11.7493      -0.978302 
 11.7493      -1.9783 
 11.7653      -0.978302 
 11.7653      -1.9783 
 11.7813      -0.978302 
 11.7813      -0.978302 
 11.7963      -0.978302 
 11.8123      -1.9783 
 11.8123      -1.9783 
 11.8272      -0.978302 
 11.8272      -1.9783 
 11.8432      -0.978302 
 11.8432      -1.9783 
 11.8592      -0.978302 
 11.8592      -0.978302 
 11.8743      -0.978302 
 11.8743      -0.978302 
 11.8903      -1.9783 
 11.8903      -0.978302 
 11.9063      -0.978302 
 11.9063      -0.978302 
 11.9213      -0.978302 
 11.9213      -2.9783 
 11.9373      -1.9783 
 11.9373      -0.978302 
 11.9522      -0.978302 
 11.9522      -0.978302 
 11.9682      -1.9783 
 11.9682      -1.9783 
 11.9842      -1.9783 
 11.9842      -0.978302 
 11.9993      -0.978302 
 11.9993      -1.9783 
 12.0153      -1.9783 
 12.0153      -0.978302 
 12.0313      -1.9783 
 12.0313      -1.9783 
 12.0463      -1.9783 
 12.0463      -0.978302 
 12.0623      -0.978302 
 12.0623      -0.978302 
 12.0772      -0.978302 
 12.0772      -2.9783 
 12.0932      -0.978302 
 12.0932      -0.978302 
 12.1092      -0.978302 
 12.1092      -0.978302 
 12.1243      -1.9783 
 12.1243      -1.9783 
 12.1403      -1.9783 
 12.1563      -0.978302 
 12.1563      -0.978302 
 12.1713      -1.9783 
 12.1713      -1.9783 
 12.1873      -1.9783 
 12.1873      -1.9783 
 12.2022      -0.978302 
 12.2022      -0.978302 
 12.2182      -0.978302 
 12.2182      -0.978302 
 12.2342      -1.9783 
 12.2342      -1.9783 
 12.2493      -0.978302 
 12.2493      -0.978302 
 12.2653      -0.978302 
 12.2653      -0.978302 
 12.2813      -0.978302 
 12.2813      -0.978302 
 12.2963      -1.9783 
 12.2963      -1.9783 
 12.3123      -0.978302 
 12.3123      -0.978302 
 12.3272      -0.978302 
 12.3272      -1.9783 
 12.3432      -1.9783 
 12.3432      -1.9783 
 12.3592      -0.978302 
 12.3592      -0.978302 
 12.3743      -1.9783 
 12.3743      -1.9783 
 12.3903      -0.978302 
 12.3903      -1.9783 
 12.4063      -0.978302 
 12.4063      -0.978302 
 12.4213      -0.978302 
 12.4213      -0.978302 
 12.4373      -1.9783 
 12.4522      -0.978302 
 12.4522      -1.9783 
 12.4682      -0.978302 
 12.4682      -1.9783 
 12.4842      -0.978302 
 12.4842      -0.978302 
 12.4842      -0.978302 
 12.4993      -1.9783 
 12.5153      -0.978302 
 12.5153      -0.978302 
 12.5313      -0.978302 
 12.5313      -0.978302 
 12.5463      -1.9783 
 12.5463      -1.9783 
 12.5623      -1.9783 
 12.5623      -0.978302 
 12.5772      -0.978302 
 12.5772      -0.978302 
 12.5932      -0.978302 
 12.5932      -0.978302 
 12.6092      -1.9783 
 12.6092      -1.9783 
 12.6243      -0.978302 
 12.6243      -0.978302 
 12.6403      -0.978302 
 12.6403      -1.9783 
 12.6563      -1.9783 
 12.6563      -1.9783 
 12.6713      -0.978302 
 12.6713      -0.978302 
 12.6873      -0.978302 
 12.6873      -0.978302 
 12.7022      -1.9783 
 12.7022      -1.9783 
 12.7182      -0.978302 
 12.7182      -0.978302 
 12.7342      -0.978302 
 12.7342      -0.978302 
 12.7493      -1.9783 
 12.7493      -0.978302 
 12.7653      -2.9783 
 12.7653      -0.978302 
 12.7813      -0.978302 
 12.7813      -0.978302 
 12.7963      -0.978302 
 12.8123      -1.9783 
 12.8123      -1.9783 
 12.8272      -0.978302 
 12.8272      -0.978302 
 12.8432      -0.978302 
 12.8432      -0.978302 
 12.8592      -1.9783 
 12.8592      -1.9783 
 12.8743      -1.9783 
 12.8743      -0.978302 
 12.8903       0.021698 
 12.8903      -0.978302 
 12.9063      -0.978302 
 12.9063      -1.9783 
 12.9213      -1.9783 
 12.9213      -1.9783 
 12.9373      -0.978302 
 12.9373      -0.978302 
 12.9522      -0.978302 
 12.9522      -0.978302 
 12.9682      -2.9783 
 12.9682      -1.9783 
