 0.015625      75.0217 
 0.015625      76.0217 
 0.030625      76.0217 
 0.030625      75.0217 
 0.046625      75.0217 
 0.046625      75.0217 
 0.061625      75.0217 
 0.061625      75.0217 
 0.077625      75.0217 
 0.077625      76.0217 
 0.093625      75.0217 
 0.093625      75.0217 
 0.108625      75.0217 
 0.108625      75.0217 
 0.124625      76.0217 
 0.124625      76.0217 
 0.140625      75.0217 
 0.140625      75.0217 
 0.155625      74.0217 
 0.171625      75.0217 
 0.171625      76.0217 
 0.186625      75.0217 
 0.186625      75.0217 
 0.202625      74.0217 
 0.202625      75.0217 
 0.202625      75.0217 
 0.218625      75.0217 
 0.218625      75.0217 
 0.233625      75.0217 
 0.233625      75.0217 
 0.249625      75.0217 
 0.265625      75.0217 
 0.265625      75.0217 
 0.280625      75.0217 
 0.280625      75.0217 
 0.296625      75.0217 
 0.296625      74.0217 
 0.311625      75.0217 
 0.311625      75.0217 
 0.327625      75.0217 
 0.327625      76.0217 
 0.343625      75.0217 
 0.343625      75.0217 
 0.358625      77.0217 
 0.358625      75.0217 
 0.374625      75.0217 
 0.374625      75.0217 
 0.390625      75.0217 
 0.390625      76.0217 
 0.405625      75.0217 
 0.405625      75.0217 
 0.421625      75.0217 
 0.421625      75.0217 
 0.436625      75.0217 
 0.436625      75.0217 
 0.452625      74.0217 
 0.452625      75.0217 
 0.468625      75.0217 
 0.468625      75.0217 
 0.483625      75.0217 
 0.483625      75.0217 
 0.499625      76.0217 
 0.515625      75.0217 
 0.515625      75.0217 
 0.515625      75.0217 
 0.530625      75.0217 
 0.546625      76.0217 
 0.546625      75.0217 
 0.546625      75.0217 
 0.561625      75.0217 
 0.577625      74.0217 
 0.577625      75.0217 
 0.593625      75.0217 
 0.593625      75.0217 
 0.608625      75.0217 
 0.608625      75.0217 
 0.624625      75.0217 
 0.624625      75.0217 
 0.640625      75.0217 
 0.640625      75.0217 
 0.655625      75.0217 
 0.655625      75.0217 
 0.671625      75.0217 
 0.671625      74.0217 
 0.686625      75.0217 
 0.686625      75.0217 
 0.702625      75.0217 
 0.702625      75.0217 
 0.718625      74.0217 
 0.718625      75.0217 
 0.733625      75.0217 
 0.733625      75.0217 
 0.749625      75.0217 
 0.749625      75.0217 
 0.765625      75.0217 
 0.765625      75.0217 
 0.780625      74.0217 
 0.780625      74.0217 
 0.796625      74.0217 
 0.796625      74.0217 
 0.811625      74.0217 
 0.811625      73.0217 
 0.827625      73.0217 
 0.827625      73.0217 
 0.843625      73.0217 
 0.858625      72.0217 
 0.858625      72.0217 
 0.874625      71.0217 
 0.874625      71.0217 
 0.890625      70.0217 
 0.890625      69.0217 
 0.890625      69.0217 
 0.905625      68.0217 
 0.905625      68.0217 
 0.921625      67.0217 
 0.936625      66.0217 
 0.936625      65.0217 
 0.952625      65.0217 
 0.952625      65.0217 
 0.968625      64.0217 
 0.968625      62.0217 
 0.983625      62.0217 
 0.983625      61.0217 
 0.999625      61.0217 
 0.999625      60.0217 
 1.01563       59.0217 
 1.01563       59.0217 
 1.03062       57.0217 
 1.03062       57.0217 
 1.04662       56.0217 
 1.04662       55.0217 
 1.06163       55.0217 
 1.06163       54.0217 
 1.07763       54.0217 
 1.07763       52.0217 
 1.09363       51.0217 
 1.09363       51.0217 
 1.10863       50.0217 
 1.10863       50.0217 
 1.12463       49.0217 
 1.12463       47.0217 
 1.14063       47.0217 
 1.14063       46.0217 
 1.15562       46.0217 
 1.15562       45.0217 
 1.17162       44.0217 
 1.18663       43.0217 
 1.18663       42.0217 
 1.20263       41.0217 
 1.20263       40.0217 
 1.20263       40.0217 
 1.21863       39.0217 
 1.23363       38.0217 
 1.23363       38.0217 
 1.24963       37.0217 
 1.24963       35.0217 
 1.26563       35.0217 
 1.26563       34.0217 
 1.28062       34.0217 
 1.28062       33.0217 
 1.29662       32.0217 
 1.29662       31.0217 
 1.31163       30.0217 
 1.31163       30.0217 
 1.32763       29.0217 
 1.32763       28.0217 
 1.34363       27.0217 
 1.34363       27.0217 
 1.35863       26.0217 
 1.35863       26.0217 
 1.37463       25.0217 
 1.37463       24.0217 
 1.39063       23.0217 
 1.39063       23.0217 
 1.40562       22.0217 
 1.40562       21.0217 
 1.42162       21.0217 
 1.42162       20.0217 
 1.43663       20.0217 
 1.43663       19.0217 
 1.45263       18.0217 
 1.45263       17.0217 
 1.46863       17.0217 
 1.46863       17.0217 
 1.48363       16.0217 
 1.48363       16.0217 
 1.49963       15.0217 
 1.49963       14.0217 
 1.51563       14.0217 
 1.51563       14.0217 
 1.53062       14.0217 
 1.54662       13.0217 
 1.54662       12.0217 
 1.56163       11.0217 
 1.56163       11.0217 
 1.56163       11.0217 
 1.57763       11.0217 
 1.59363       10.0217 
 1.59363       10.0217 
 1.60863       9.02174 
 1.60863       9.02174 
 1.62463       8.02174 
 1.62463       8.02174 
 1.64063       8.02174 
 1.64063       8.02174 
 1.65562       7.02174 
 1.65562       7.02174 
 1.67162       6.02174 
 1.67162       6.02174 
 1.68663       6.02174 
 1.68663       5.02174 
 1.70263       5.02174 
 1.70263       4.02174 
 1.71863       4.02174 
 1.71863       3.02174 
 1.73363       4.02174 
 1.73363       4.02174 
 1.74963       3.02174 
 1.74963       3.02174 
 1.76563       3.02174 
 1.76563       2.02174 
 1.78062       2.02174 
 1.78062       2.02174 
 1.79662       2.02174 
 1.79662       2.02174 
 1.81163       1.02174 
 1.81163       1.02174 
 1.82763       0.0217438 
 1.82763       1.02174 
 1.84363       1.02174 
 1.84363       0.0217438 
 1.85863       0.0217438 
 1.85863       0.0217438 
 1.87463      -0.978256 
 1.87463      -0.978256 
 1.89063      -0.978256 
 1.89063      -0.978256 
 1.90562      -0.978256 
 1.92162      -1.97826 
 1.92162      -1.97826 
 1.93663      -1.97826 
 1.93663      -1.97826 
 1.95263      -1.97826 
 1.95263      -1.97826 
 1.96863      -1.97826 
 1.96863      -1.97826 
 1.98363      -2.97826 
 1.98363      -1.97826 
 1.99963      -2.97826 
 1.99963      -2.97826 
 2.01563      -2.97826 
 2.01563      -2.97826 
 2.03063      -2.97826 
 2.03063      -3.97826 
 2.04663      -2.97826 
 2.04663      -2.97826 
 2.06162      -2.97826 
 2.06162      -3.97826 
 2.07762      -3.97826 
 2.07762      -3.97826 
 2.09362      -2.97826 
 2.09362      -3.97826 
 2.10863      -3.97826 
 2.10863      -3.97826 
 2.12463      -3.97826 
 2.12463      -3.97826 
 2.14063      -3.97826 
 2.14063      -2.97826 
 2.15563      -3.97826 
 2.15563      -2.97826 
 2.17163      -3.97826 
 2.17163      -3.97826 
 2.18662      -3.97826 
 2.18662      -3.97826 
 2.20262      -3.97826 
 2.20262      -3.97826 
 2.21862      -3.97826 
 2.23363      -4.97826 
 2.23363      -3.97826 
 2.23363      -3.97826 
 2.24963      -3.97826 
 2.26563      -2.97826 
 2.26563      -3.97826 
 2.28063      -3.97826 
 2.28063      -3.97826 
 2.29663      -4.97826 
 2.29663      -2.97826 
 2.31162      -3.97826 
 2.31162      -3.97826 
 2.32762      -3.97826 
 2.32762      -3.97826 
 2.34362      -3.97826 
 2.34362      -3.97826 
 2.35863      -2.97826 
 2.35863      -2.97826 
 2.37463      -2.97826 
 2.37463      -3.97826 
 2.39063      -3.97826 
 2.39063      -3.97826 
 2.40563      -2.97826 
 2.40563      -2.97826 
 2.42163      -2.97826 
 2.42163      -2.97826 
 2.43662      -3.97826 
 2.43662      -3.97826 
 2.45262      -3.97826 
 2.45262      -2.97826 
 2.46862      -2.97826 
 2.46862      -2.97826 
 2.48363      -2.97826 
 2.48363      -2.97826 
 2.49963      -3.97826 
 2.49963      -2.97826 
 2.51563      -2.97826 
 2.51563      -2.97826 
 2.53063      -2.97826 
 2.53063      -2.97826 
 2.54663      -2.97826 
 2.56162      -3.97826 
 2.56162      -2.97826 
 2.56162      -2.97826 
 2.57762      -2.97826 
 2.59362      -2.97826 
 2.59362      -2.97826 
 2.60863      -2.97826 
 2.60863      -2.97826 
 2.62463      -2.97826 
 2.62463      -2.97826 
 2.64063      -2.97826 
 2.64063      -2.97826 
 2.65563      -2.97826 
 2.65563      -2.97826 
 2.67163      -2.97826 
 2.67163      -2.97826 
 2.68662      -2.97826 
 2.68662      -2.97826 
 2.70262      -2.97826 
 2.70262      -2.97826 
 2.71862      -1.97826 
 2.71862      -1.97826 
 2.73363      -1.97826 
 2.73363      -1.97826 
 2.74963      -2.97826 
 2.74963      -2.97826 
 2.76563      -2.97826 
 2.76563      -1.97826 
 2.78063      -1.97826 
 2.78063      -1.97826 
 2.79663      -1.97826 
 2.79663      -1.97826 
 2.81162      -2.97826 
 2.81162      -1.97826 
 2.82762      -1.97826 
 2.82762      -1.97826 
 2.84362      -1.97826 
 2.84362      -2.97826 
 2.85863      -1.97826 
 2.87463      -2.97826 
 2.87463      -1.97826 
 2.87463      -1.97826 
 2.89063      -1.97826 
 2.89063      -1.97826 
 2.90563      -1.97826 
 2.92163      -2.97826 
 2.92163      -1.97826 
 2.93662      -1.97826 
 2.93662      -1.97826 
 2.95262      -1.97826 
 2.95262      -1.97826 
 2.96862      -1.97826 
 2.96862      -1.97826 
 2.98363      -1.97826 
 2.98363      -1.97826 
 2.99963      -1.97826 
 2.99963      -1.97826 
 3.01563      -1.97826 
 3.01563      -1.97826 
 3.03063      -1.97826 
 3.03063      -1.97826 
 3.04663      -1.97826 
 3.04663      -1.97826 
 3.06162      -2.97826 
 3.06162      -1.97826 
 3.07762      -1.97826 
 3.07762      -0.978256 
 3.09362      -1.97826 
 3.09362      -1.97826 
 3.10863      -1.97826 
 3.10863      -1.97826 
 3.12463      -1.97826 
 3.12463      -1.97826 
 3.14063      -0.978256 
 3.14063      -1.97826 
 3.15563      -1.97826 
 3.15563      -1.97826 
 3.17163      -1.97826 
 3.17163      -1.97826 
 3.18662      -0.978256 
 3.18662      -0.978256 
 3.20262      -0.978256 
 3.21862      -1.97826 
 3.21862      -1.97826 
 3.21862      -1.97826 
 3.23363      -1.97826 
 3.24963      -0.978256 
 3.24963      -1.97826 
 3.26563      -0.978256 
 3.26563      -1.97826 
 3.28063      -1.97826 
 3.28063      -1.97826 
 3.29663      -0.978256 
 3.29663      -0.978256 
 3.31162      -1.97826 
 3.31162      -1.97826 
 3.32762      -0.978256 
 3.32762      -1.97826 
 3.34362      -0.978256 
 3.34362      -0.978256 
 3.35863      -0.978256 
 3.35863      -0.978256 
 3.37463      -1.97826 
 3.37463      -1.97826 
 3.39063      -1.97826 
 3.39063      -0.978256 
 3.40563      -0.978256 
 3.40563      -0.978256 
 3.42163      -0.978256 
 3.42163      -1.97826 
 3.43662      -1.97826 
 3.43662      -0.978256 
 3.45262      -0.978256 
 3.45262      -0.978256 
 3.46862      -0.978256 
 3.46862      -0.978256 
 3.48363      -0.978256 
 3.48363      -1.97826 
 3.49963      -0.978256 
 3.49963      -0.978256 
 3.51563      -0.978256 
 3.53063      -1.97826 
 3.53063      -0.978256 
 3.54663      -1.97826 
 3.54663      -0.978256 
 3.54663      -0.978256 
 3.56162      -0.978256 
 3.56162      -0.978256 
 3.57762      -1.97826 
 3.59362      -1.97826 
 3.59362      -1.97826 
 3.60863      -0.978256 
 3.60863      -0.978256 
 3.62463      -1.97826 
 3.62463      -0.978256 
 3.64063      -1.97826 
 3.64063      -1.97826 
 3.65563      -0.978256 
 3.65563      -0.978256 
 3.67163      -0.978256 
 3.67163      -0.978256 
 3.68662      -0.978256 
 3.68662      -0.978256 
 3.70262      -1.97826 
 3.70262      -0.978256 
 3.71862      -0.978256 
 3.71862      -0.978256 
 3.73363      -0.978256 
 3.73363      -0.978256 
 3.74963      -1.97826 
 3.74963      -1.97826 
 3.76563      -0.978256 
 3.76563      -0.978256 
 3.78063      -0.978256 
 3.78063      -1.97826 
 3.79663      -1.97826 
 3.79663      -1.97826 
 3.81162      -0.978256 
 3.81162      -0.978256 
 3.82762      -0.978256 
 3.82762      -0.978256 
 3.84362      -0.978256 
 3.84362      -1.97826 
 3.85863      -0.978256 
 3.87463      -1.97826 
 3.87463      -0.978256 
 3.87463      -0.978256 
 3.89063      -1.97826 
 3.89063      -1.97826 
 3.90563      -1.97826 
 3.92163      -0.978256 
 3.92163      -0.978256 
 3.93662      -0.978256 
 3.93662      -0.978256 
 3.95262      -0.978256 
 3.95262      -1.97826 
 3.96862      -1.97826 
 3.96862      -0.978256 
 3.98363      -0.978256 
 3.98363      -0.978256 
 3.99963      -1.97826 
 3.99963      -1.97826 
 4.01563      -0.978256 
 4.01563      -1.97826 
 4.03062      -0.978256 
 4.03062      -0.978256 
 4.04662      -0.978256 
 4.04662      -0.978256 
 4.06163      -1.97826 
 4.06163      -0.978256 
 4.07763      -1.97826 
 4.07763      -0.978256 
 4.09363      -0.978256 
 4.09363      -1.97826 
 4.10863      -0.978256 
 4.10863      -1.97826 
 4.12463      -0.978256 
 4.12463      -0.978256 
 4.14063      -0.978256 
 4.14063      -0.978256 
 4.15562      -0.978256 
 4.15562      -1.97826 
 4.17162      -1.97826 
 4.17162      -0.978256 
 4.18663      -0.978256 
 4.18663      -0.978256 
 4.20263      -0.978256 
 4.21863      -1.97826 
 4.21863      -1.97826 
 4.23363      -0.978256 
 4.23363      -0.978256 
 4.23363      -0.978256 
 4.24963      -0.978256 
 4.26563      -0.978256 
 4.26563      -1.97826 
 4.28062      -0.978256 
 4.28062      -0.978256 
 4.29662      -0.978256 
 4.29662      -0.978256 
 4.31163      -1.97826 
 4.31163      -0.978256 
 4.32763      -1.97826 
 4.32763      -0.978256 
 4.34363      -0.978256 
 4.34363      -0.978256 
 4.35863      -0.978256 
 4.35863      -0.978256 
 4.37463      -1.97826 
 4.37463      -0.978256 
 4.39063      -0.978256 
 4.39063      -0.978256 
 4.40562      -0.978256 
 4.40562      -1.97826 
 4.42162      -1.97826 
 4.42162      -1.97826 
 4.43663      -0.978256 
 4.43663      -0.978256 
 4.45263      -0.978256 
 4.45263      -0.978256 
 4.46863      -0.978256 
 4.46863      -1.97826 
 4.48363      -0.978256 
 4.48363      -0.978256 
 4.49963      -0.978256 
 4.49963      -0.978256 
 4.51563      -1.97826 
 4.51563      -0.978256 
 4.53062      -1.97826 
 4.54662      -0.978256 
 4.54662       0.0217438 
 4.56163      -0.978256 
 4.56163      -0.978256 
 4.57763      -1.97826 
 4.57763      -0.978256 
 4.59363      -0.978256 
 4.59363      -0.978256 
 4.60863      -0.978256 
 4.60863      -0.978256 
 4.62463      -0.978256 
 4.62463      -0.978256 
 4.64063      -1.97826 
 4.64063      -0.978256 
 4.65562      -0.978256 
 4.65562      -0.978256 
 4.67162      -0.978256 
 4.67162      -0.978256 
 4.68663      -1.97826 
 4.68663      -0.978256 
 4.70263      -0.978256 
 4.70263      -0.978256 
 4.71863      -0.978256 
 4.71863      -0.978256 
 4.73363      -0.978256 
 4.73363      -1.97826 
 4.74963      -0.978256 
 4.74963      -0.978256 
 4.76563      -0.978256 
 4.76563      -0.978256 
 4.78062      -0.978256 
 4.78062       0.0217438 
 4.79662      -0.978256 
 4.79662      -0.978256 
 4.81163      -0.978256 
 4.81163      -0.978256 
 4.82763      -0.978256 
 4.82763      -1.97826 
 4.84363      -1.97826 
 4.84363      -0.978256 
 4.85863      -0.978256 
 4.87463       0.0217438 
 4.87463      -0.978256 
 4.87463      -0.978256 
 4.89063      -1.97826 
 4.90562      -0.978256 
 4.90562      -0.978256 
 4.90562      -0.978256 
 4.92162      -0.978256 
 4.93663      -1.97826 
 4.93663      -1.97826 
 4.95263      -1.97826 
 4.95263      -0.978256 
 4.96863      -0.978256 
 4.96863      -0.978256 
 4.98363      -0.978256 
 4.98363      -2.97826 
 4.99963      -1.97826 
 4.99963      -0.978256 
 5.01563      -0.978256 
 5.01563      -1.97826 
 5.03062      -1.97826 
 5.03062      -1.97826 
 5.04662      -1.97826 
 5.04662      -0.978256 
 5.06163      -1.97826 
 5.06163      -0.978256 
 5.07763      -0.978256 
 5.07763      -0.978256 
 5.09363      -0.978256 
 5.09363      -1.97826 
 5.10863      -0.978256 
 5.10863      -0.978256 
 5.12463      -0.978256 
 5.12463      -0.978256 
 5.14063      -0.978256 
 5.14063      -0.978256 
 5.15562      -1.97826 
 5.15562      -0.978256 
 5.17162      -0.978256 
 5.17162      -0.978256 
 5.18663      -0.978256 
 5.18663      -0.978256 
 5.20263      -0.978256 
 5.20263      -0.978256 
 5.21863      -0.978256 
 5.21863      -0.978256 
 5.23363      -1.97826 
 5.35863      -1.97826 
 5.35863      -1.97826 
 5.35863      -1.97826 
 5.35863      -1.97826 
 5.35863      -0.978256 
 5.35863      -0.978256 
 5.35863      -0.978256 
 5.35863      -0.978256 
 5.35863      -0.978256 
 5.35863      -0.978256 
 5.35863      -0.978256 
 5.35863      -0.978256 
 5.35863      -0.978256 
 5.35863      -1.97826 
 5.35863      -1.97826 
 5.35863      -0.978256 
 5.37463      -0.978256 
 5.37463      -0.978256 
 5.39063      -1.97826 
 5.39063      -0.978256 
 5.40562      -0.978256 
 5.40562      -1.97826 
 5.42162      -0.978256 
 5.42162      -1.97826 
 5.43663      -0.978256 
 5.43663      -0.978256 
 5.45263      -0.978256 
 5.45263      -1.97826 
 5.46863      -0.978256 
 5.46863      -0.978256 
 5.48363      -0.978256 
 5.48363      -0.978256 
 5.49963      -0.978256 
 5.49963      -0.978256 
 5.51563      -1.97826 
 5.53062      -0.978256 
 5.53062      -0.978256 
 5.53062      -0.978256 
 5.54662      -0.978256 
 5.56163      -1.97826 
 5.56163      -1.97826 
 5.56163      -1.97826 
 5.57763      -0.978256 
 5.59363      -1.97826 
 5.59363      -0.978256 
 5.60863      -0.978256 
 5.60863      -0.978256 
 5.62463      -1.97826 
 5.62463      -0.978256 
 5.64063      -0.978256 
 5.64063      -0.978256 
 5.65562      -0.978256 
 5.65562      -0.978256 
 5.67162      -0.978256 
 5.67162      -1.97826 
 5.68663      -0.978256 
 5.68663      -0.978256 
 5.70263      -0.978256 
 5.70263      -0.978256 
 5.71863      -0.978256 
 5.71863      -1.97826 
 5.73363      -0.978256 
 5.73363      -0.978256 
 5.74963      -1.97826 
 5.74963      -0.978256 
 5.76563      -1.97826 
 5.76563      -0.978256 
 5.78062      -1.97826 
 5.78062      -0.978256 
 5.79662      -0.978256 
 5.79662      -0.978256 
 5.81163      -0.978256 
 5.81163      -0.978256 
 5.82763      -0.978256 
 5.82763      -0.978256 
 5.84363      -0.978256 
 5.84363      -0.978256 
 5.85863      -0.978256 
 5.87463      -1.97826 
 5.87463      -1.97826 
 5.87463      -1.97826 
 5.89063      -0.978256 
 5.89063      -0.978256 
 5.90562      -0.978256 
 5.90562      -0.978256 
 5.92162      -0.978256 
 5.93663      -1.97826 
 5.93663      -0.978256 
 5.95263      -0.978256 
 5.95263      -1.97826 
 5.96863      -0.978256 
 5.96863      -1.97826 
 5.98363      -1.97826 
 5.98363      -1.97826 
 5.99963      -0.978256 
 5.99963      -0.978256 
 6.01563      -0.978256 
 6.01563      -0.978256 
 6.03062      -1.97826 
 6.03062      -1.97826 
 6.04662      -0.978256 
 6.04662      -0.978256 
 6.06163      -0.978256 
 6.07763      -0.978256 
 6.07763      -0.978256 
 6.07763      -0.978256 
 6.09363      -1.97826 
 6.09363      -0.978256 
 6.10863      -0.978256 
 6.10863      -0.978256 
 6.12463      -0.978256 
 6.12463      -0.978256 
 6.14063      -1.97826 
 6.14063      -1.97826 
 6.15562      -0.978256 
 6.15562      -0.978256 
 6.17162      -0.978256 
 6.17162      -1.97826 
 6.18663      -0.978256 
 6.20263      -1.97826 
