 0             74.0217 
 0.015         74.0217 
 0.015         74.0217 
 0.031         74.0217 
 0.031         74.0217 
 0.046         74.0217 
 0.046         74.0217 
 0.062         74.0217 
 0.062         74.0217 
 0.078         74.0217 
 0.078         74.0217 
 0.093         74.0217 
 0.093         75.0217 
 0.109         74.0217 
 0.109         74.0217 
 0.125         74.0217 
 0.125         74.0217 
 0.14          74.0217 
 0.14          74.0217 
 0.156         75.0217 
 0.156         75.0217 
 0.171         74.0217 
 0.171         74.0217 
 0.187         74.0217 
 0.187         74.0217 
 0.203         75.0217 
 0.218         74.0217 
 0.218         75.0217 
 0.234         74.0217 
 0.234         74.0217 
 0.25          74.0217 
 0.25          74.0217 
 0.265         75.0217 
 0.265         75.0217 
 0.281         74.0217 
 0.281         74.0217 
 0.296         74.0217 
 0.296         74.0217 
 0.312         75.0217 
 0.312         75.0217 
 0.328         75.0217 
 0.328         74.0217 
 0.343         74.0217 
 0.343         74.0217 
 0.359         74.0217 
 0.359         75.0217 
 0.375         75.0217 
 0.375         74.0217 
 0.39          74.0217 
 0.39          74.0217 
 0.406         74.0217 
 0.406         75.0217 
 0.421         75.0217 
 0.421         75.0217 
 0.437         74.0217 
 0.437         74.0217 
 0.453         74.0217 
 0.468         75.0217 
 0.468         75.0217 
 0.468         75.0217 
 0.484         75.0217 
 0.5           74.0217 
 0.5           74.0217 
 0.5           74.0217 
 0.515         75.0217 
 0.531         74.0217 
 0.531         74.0217 
 0.531         74.0217 
 0.546         73.0217 
 0.562         74.0217 
 0.562         74.0217 
 0.578         74.0217 
 0.578         74.0217 
 0.593         74.0217 
 0.593         73.0217 
 0.609         73.0217 
 0.609         72.0217 
 0.625         73.0217 
 0.625         72.0217 
 0.64          72.0217 
 0.64          71.0217 
 0.656         70.0217 
 0.656         69.0217 
 0.671         69.0217 
 0.671         68.0217 
 0.687         68.0217 
 0.687         68.0217 
 0.703         67.0217 
 0.703         66.0217 
 0.718         65.0217 
 0.718         65.0217 
 0.734         65.0217 
 0.734         64.0217 
 0.75          63.0217 
 0.75          62.0217 
 0.765         61.0217 
 0.765         60.0217 
 0.781         60.0217 
 0.781         59.0217 
 0.796         58.0217 
 0.812         57.0217 
 0.812         56.0217 
 0.828         55.0217 
 0.828         55.0217 
 0.843         54.0217 
 0.843         53.0217 
 0.859         52.0217 
 0.859         51.0217 
 0.875         50.0217 
 0.875         49.0217 
 0.875         49.0217 
 0.89          48.0217 
 0.906         47.0217 
 0.906         46.0217 
 0.921         45.0217 
 0.921         44.0217 
 0.937         42.0217 
 0.937         42.0217 
 0.953         41.0217 
 0.953         40.0217 
 0.968         39.0217 
 0.968         38.0217 
 0.984         37.0217 
 0.984         36.0217 
 1             36.0217 
 1             34.0217 
 1.015         33.0217 
 1.015         32.0217 
 1.031         31.0217 
 1.031         30.0217 
 1.046         30.0217 
 1.046         28.0217 
 1.062         27.0217 
 1.062         26.0217 
 1.078         25.0217 
 1.078         24.0217 
 1.093         24.0217 
 1.093         23.0217 
 1.109         22.0217 
 1.109         21.0217 
 1.125         20.0217 
 1.125         19.0217 
 1.14          18.0217 
 1.14          18.0217 
 1.156         17.0217 
 1.171         16.0217 
 1.171         15.0217 
 1.187         14.0217 
 1.187         13.0217 
 1.187         13.0217 
 1.203         12.0217 
 1.203         12.0217 
 1.218         11.0217 
 1.234         10.0217 
 1.234         9.02174 
 1.25          8.02174 
 1.25          8.02174 
 1.265         8.02174 
 1.265         7.02174 
 1.281         6.02174 
 1.281         5.02174 
 1.296         4.02174 
 1.296         4.02174 
 1.312         3.02174 
 1.312         3.02174 
 1.328         2.02174 
 1.328         1.02174 
 1.343         1.02174 
 1.343         0.0217438 
 1.359         0.0217438 
 1.359        -0.978256 
 1.375        -0.978256 
 1.375        -1.97826 
 1.39         -1.97826 
 1.39         -2.97826 
 1.406        -2.97826 
 1.406        -3.97826 
 1.421        -3.97826 
 1.421        -4.97826 
 1.437        -4.97826 
 1.437        -5.97826 
 1.453        -5.97826 
 1.453        -5.97826 
 1.468        -5.97826 
 1.468        -6.97826 
 1.484        -7.97826 
 1.484        -7.97826 
 1.5          -8.97826 
 1.5          -8.97826 
 1.515        -8.97826 
 1.515        -8.97826 
 1.531        -9.97826 
 1.531        -9.97826 
 1.546        -9.97826 
 1.562        -10.9783 
 1.562        -10.9783 
 1.578        -10.9783 
 1.578        -10.9783 
 1.593        -10.9783 
 1.593        -11.9783 
 1.609        -12.9783 
 1.609        -11.9783 
 1.625        -11.9783 
 1.625        -11.9783 
 1.64         -11.9783 
 1.64         -12.9783 
 1.656        -12.9783 
 1.656        -12.9783 
 1.671        -12.9783 
 1.671        -12.9783 
 1.687        -12.9783 
 1.687        -12.9783 
 1.703        -13.9783 
 1.703        -13.9783 
 1.718        -13.9783 
 1.718        -12.9783 
 1.734        -12.9783 
 1.734        -12.9783 
 1.75         -13.9783 
 1.75         -14.9783 
 1.765        -13.9783 
 1.765        -13.9783 
 1.781        -12.9783 
 1.781        -13.9783 
 1.796        -12.9783 
 1.796        -13.9783 
 1.812        -13.9783 
 1.812        -13.9783 
 1.828        -13.9783 
 1.828        -13.9783 
 1.843        -13.9783 
 1.843        -13.9783 
 1.859        -12.9783 
 1.875        -13.9783 
 1.875        -12.9783 
 1.89         -11.9783 
 1.89         -12.9783 
 1.906        -12.9783 
 1.906        -12.9783 
 1.921        -12.9783 
 1.921        -12.9783 
 1.937        -12.9783 
 1.937        -12.9783 
 1.953        -11.9783 
 1.953        -12.9783 
 1.968        -12.9783 
 1.968        -12.9783 
 1.984        -11.9783 
 1.984        -11.9783 
 2            -11.9783 
 2            -11.9783 
 2.015        -11.9783 
 2.015        -11.9783 
 2.031        -11.9783 
 2.031        -10.9783 
 2.046        -10.9783 
 2.046        -10.9783 
 2.062        -10.9783 
 2.062        -10.9783 
 2.078        -10.9783 
 2.078        -10.9783 
 2.093        -10.9783 
 2.093        -9.97826 
 2.109        -9.97826 
 2.109        -9.97826 
 2.125        -9.97826 
 2.125        -9.97826 
 2.14         -8.97826 
 2.14         -8.97826 
 2.156        -8.97826 
 2.156        -8.97826 
 2.171        -8.97826 
 2.171        -8.97826 
 2.187        -7.97826 
 2.203        -8.97826 
 2.203        -7.97826 
 2.203        -7.97826 
 2.218        -7.97826 
 2.234        -7.97826 
 2.234        -7.97826 
 2.25         -6.97826 
 2.25         -6.97826 
 2.265        -6.97826 
 2.265        -6.97826 
 2.281        -6.97826 
 2.281        -6.97826 
 2.296        -6.97826 
 2.296        -5.97826 
 2.312        -5.97826 
 2.312        -5.97826 
 2.328        -5.97826 
 2.328        -5.97826 
 2.343        -5.97826 
 2.343        -4.97826 
 2.359        -4.97826 
 2.359        -4.97826 
 2.375        -4.97826 
 2.375        -4.97826 
 2.39         -4.97826 
 2.39         -3.97826 
 2.406        -3.97826 
 2.406        -3.97826 
 2.421        -3.97826 
 2.421        -3.97826 
 2.437        -4.97826 
 2.437        -3.97826 
 2.453        -2.97826 
 2.453        -2.97826 
 2.468        -2.97826 
 2.468        -2.97826 
 2.484        -2.97826 
 2.484        -2.97826 
 2.5          -2.97826 
 2.515        -1.97826 
 2.515        -1.97826 
 2.515        -1.97826 
 2.531        -1.97826 
 2.531        -1.97826 
 2.546        -1.97826 
 2.562        -1.97826 
 2.562        -0.978256 
 2.578        -0.978256 
 2.578        -0.978256 
 2.593        -1.97826 
 2.593        -0.978256 
 2.609        -1.97826 
 2.609        -0.978256 
 2.625        -0.978256 
 2.625        -0.978256 
 2.64         -0.978256 
 2.64         -0.978256 
 2.656        -0.978256 
 2.656         0.0217438 
 2.671         0.0217438 
 2.671         0.0217438 
 2.687         0.0217438 
 2.687         0.0217438 
 2.703         0.0217438 
 2.703         0.0217438 
 2.718         0.0217438 
 2.718         1.02174 
 2.734         0.0217438 
 2.734         0.0217438 
 2.75          0.0217438 
 2.75          0.0217438 
 2.765         0.0217438 
 2.765         1.02174 
 2.781         1.02174 
 2.781         1.02174 
 2.796         0.0217438 
 2.796         1.02174 
 2.812         0.0217438 
 2.812         1.02174 
 2.828         0.0217438 
 2.843         1.02174 
 2.843         0.0217438 
 2.859         1.02174 
 2.859         1.02174 
 2.859         1.02174 
 2.875         1.02174 
 2.89          1.02174 
 2.89          1.02174 
 2.906         1.02174 
 2.906         1.02174 
 2.921         1.02174 
 2.921         1.02174 
 2.937         1.02174 
 2.937         1.02174 
 2.953         1.02174 
 2.953         1.02174 
 2.968         1.02174 
 2.968         0.0217438 
 2.984         2.02174 
 2.984         1.02174 
 3             1.02174 
 3             1.02174 
 3.015         1.02174 
 3.015         1.02174 
 3.031         2.02174 
 3.031         1.02174 
 3.046         2.02174 
 3.046         2.02174 
 3.062         1.02174 
 3.062         1.02174 
 3.078         1.02174 
 3.078         1.02174 
 3.093         2.02174 
 3.093         2.02174 
 3.109         1.02174 
 3.109         1.02174 
 3.125         1.02174 
 3.125         1.02174 
 3.14          2.02174 
 3.14          1.02174 
 3.156         2.02174 
 3.171         1.02174 
 3.171         1.02174 
 3.171         1.02174 
 3.187         2.02174 
 3.203         1.02174 
 3.203         1.02174 
 3.203         1.02174 
 3.218         1.02174 
 3.234         1.02174 
 3.234         1.02174 
 3.25          2.02174 
 3.25          1.02174 
 3.265         1.02174 
 3.265         1.02174 
 3.281         1.02174 
 3.281         0.0217438 
 3.296         1.02174 
 3.296         1.02174 
 3.312         2.02174 
 3.312         1.02174 
 3.328         2.02174 
 3.328         1.02174 
 3.343         1.02174 
 3.343         1.02174 
 3.359         1.02174 
 3.359         0.0217438 
 3.375         1.02174 
 3.375         1.02174 
 3.39          1.02174 
 3.39          1.02174 
 3.406         2.02174 
 3.406         1.02174 
 3.421         1.02174 
 3.421         1.02174 
 3.437         1.02174 
 3.437         0.0217438 
 3.453         1.02174 
 3.453         1.02174 
 3.468         1.02174 
 3.468         1.02174 
 3.484         2.02174 
 3.5           1.02174 
 3.5           1.02174 
 3.5           1.02174 
 3.515         1.02174 
 3.531         0.0217438 
 3.531         1.02174 
 3.531         1.02174 
 3.546         1.02174 
 3.562         1.02174 
 3.562         2.02174 
 3.578         1.02174 
 3.578         1.02174 
 3.593         1.02174 
 3.593         1.02174 
 3.609         1.02174 
 3.609         1.02174 
 3.625         1.02174 
 3.625         1.02174 
 3.64          1.02174 
 3.64          1.02174 
 3.656         1.02174 
 3.656         1.02174 
 3.671         1.02174 
 3.671         1.02174 
 3.687         1.02174 
 3.687         1.02174 
 3.703         1.02174 
 3.703         1.02174 
 3.718         1.02174 
 3.718         2.02174 
 3.734         1.02174 
 3.734         1.02174 
 3.75          1.02174 
 3.75          1.02174 
 3.765         1.02174 
 3.765         1.02174 
 3.781         1.02174 
 3.781         1.02174 
 3.796         1.02174 
 3.796         1.02174 
 3.812         1.02174 
 3.812         1.02174 
 3.828         1.02174 
 3.828         1.02174 
 3.843         0.0217438 
 3.859         1.02174 
 3.859         1.02174 
 3.875         2.02174 
 3.875         1.02174 
 3.89          2.02174 
 3.89          1.02174 
 3.906         1.02174 
 3.906         1.02174 
 3.921         1.02174 
 3.921         1.02174 
 3.937         1.02174 
 3.937         1.02174 
 3.953         1.02174 
 3.953         1.02174 
 3.968         1.02174 
 3.968         1.02174 
 3.984         1.02174 
 3.984         1.02174 
 4             1.02174 
 4             1.02174 
 4.015         1.02174 
 4.015         1.02174 
 4.031         1.02174 
 4.031         1.02174 
 4.046         2.02174 
 4.046         1.02174 
 4.062         1.02174 
 4.062         0.0217438 
 4.078         1.02174 
 4.078         1.02174 
 4.093         1.02174 
 4.093         1.02174 
 4.109         1.02174 
 4.109         1.02174 
 4.125         1.02174 
 4.125         1.02174 
 4.14          1.02174 
 4.14          1.02174 
 4.156         1.02174 
 4.171         0.0217438 
 4.171         1.02174 
 4.171         1.02174 
 4.187         2.02174 
 4.203         1.02174 
 4.203         2.02174 
 4.218         1.02174 
 4.218         1.02174 
 4.234         0.0217438 
 4.234         2.02174 
 4.25          1.02174 
 4.25          1.02174 
 4.265         1.02174 
 4.265         1.02174 
 4.281         0.0217438 
 4.281         0.0217438 
 4.296         1.02174 
 4.296         2.02174 
 4.312         1.02174 
 4.312         1.02174 
 4.328         1.02174 
 4.328         1.02174 
 4.343         1.02174 
 4.343         1.02174 
 4.359         1.02174 
 4.359         0.0217438 
 4.375         1.02174 
 4.375         1.02174 
 4.39          1.02174 
 4.39          1.02174 
 4.406         1.02174 
 4.406         1.02174 
 4.421         1.02174 
 4.421         1.02174 
 4.437         1.02174 
 4.437         2.02174 
 4.453         1.02174 
 4.453         2.02174 
 4.468         1.02174 
 4.468         1.02174 
 4.484         1.02174 
 4.484         1.02174 
 4.5           2.02174 
 4.515         1.02174 
 4.515         1.02174 
 4.515         1.02174 
 4.531         1.02174 
 4.531         1.02174 
 4.546         1.02174 
 4.562         1.02174 
 4.562         0.0217438 
 4.578         1.02174 
 4.578         1.02174 
 4.593         1.02174 
 4.593         1.02174 
 4.609         2.02174 
 4.609         1.02174 
 4.625         1.02174 
 4.625         1.02174 
 4.64          1.02174 
 4.64          1.02174 
 4.656         1.02174 
 4.656         2.02174 
 4.671         1.02174 
 4.671         1.02174 
 4.687         1.02174 
 4.687         1.02174 
 4.703         1.02174 
 4.703         1.02174 
 4.718         1.02174 
 4.718         2.02174 
 4.734         1.02174 
 4.734         1.02174 
 4.75          0.0217438 
 4.75          1.02174 
 4.765         1.02174 
 4.765         1.02174 
 4.781         1.02174 
 4.781         1.02174 
 4.796         1.02174 
 4.796         1.02174 
 4.812         2.02174 
