-0.00025      -11.9783 
 0.01475      -12.9783 
 0.01475      -13.9783 
 0.03075      -15.9783 
 0.03075      -16.9783 
 0.04675      -18.9783 
 0.04675      -19.9783 
 0.06175      -20.9783 
 0.06175      -22.9783 
 0.07775      -23.9783 
 0.07775      -25.9783 
 0.09375      -26.9783 
 0.09375      -28.9783 
 0.10875      -29.9783 
 0.10875      -31.9783 
 0.12475      -31.9783 
 0.12475      -33.9783 
 0.13975      -34.9783 
 0.15575      -35.9783 
 0.15575      -37.9783 
 0.15575      -37.9783 
 0.17175      -39.9783 
 0.18675      -40.9783 
 0.18675      -41.9783 
 0.20275      -43.9783 
 0.20275      -44.9783 
 0.21875      -45.9783 
 0.21875      -46.9783 
 0.23375      -47.9783 
 0.23375      -48.9783 
 0.24975      -49.9783 
 0.24975      -50.9783 
 0.26475      -51.9783 
 0.26475      -52.9783 
 0.28075      -52.9783 
 0.28075      -53.9783 
 0.29675      -54.9783 
 0.29675      -55.9783 
 0.31175      -56.9783 
 0.31175      -56.9783 
 0.32775      -56.9783 
 0.32775      -57.9783 
 0.34375      -58.9783 
 0.34375      -59.9783 
 0.35875      -59.9783 
 0.35875      -60.9783 
 0.37475      -60.9783 
 0.37475      -61.9783 
 0.38975      -61.9783 
 0.38975      -61.9783 
 0.40575      -62.9783 
 0.40575      -63.9783 
 0.42175      -63.9783 
 0.42175      -63.9783 
 0.43675      -63.9783 
 0.43675      -63.9783 
 0.45275      -64.9783 
 0.45275      -64.9783 
 0.46875      -64.9783 
 0.46875      -65.9783 
 0.48375      -64.9783 
 0.48375      -64.9783 
 0.49975      -64.9783 
 0.49975      -64.9783 
 0.51475      -64.9783 
 0.51475      -64.9783 
 0.53075      -64.9783 
 0.54675      -64.9783 
 0.54675      -63.9783 
 0.56175      -63.9783 
 0.56175      -63.9783 
 0.57775      -63.9783 
 0.57775      -64.9783 
 0.59375      -62.9783 
 0.59375      -62.9783 
 0.60875      -62.9783 
 0.60875      -61.9783 
 0.62475      -62.9783 
 0.62475      -61.9783 
 0.63975      -60.9783 
 0.63975      -59.9783 
 0.65575      -58.9783 
 0.65575      -59.9783 
 0.67175      -58.9783 
 0.67175      -57.9783 
 0.68675      -57.9783 
 0.68675      -55.9783 
 0.70275      -55.9783 
 0.70275      -54.9783 
 0.71875      -53.9783 
 0.71875      -53.9783 
 0.73375      -52.9783 
 0.73375      -51.9783 
 0.74975      -50.9783 
 0.74975      -49.9783 
 0.76475      -48.9783 
 0.76475      -48.9783 
 0.78075      -47.9783 
 0.78075      -46.9783 
 0.79675      -44.9783 
 0.79675      -43.9783 
 0.81175      -42.9783 
 0.82775      -41.9783 
 0.82775      -40.9783 
 0.84375      -39.9783 
 0.84375      -38.9783 
 0.85875      -37.9783 
 0.85875      -35.9783 
 0.87475      -34.9783 
 0.87475      -33.9783 
 0.88975      -32.9783 
 0.88975      -30.9783 
 0.90575      -29.9783 
 0.90575      -28.9783 
 0.92175      -26.9783 
 0.92175      -25.9783 
 0.93675      -24.9783 
 0.93675      -21.9783 
 0.95275      -21.9783 
 0.95275      -20.9783 
 0.96875      -18.9783 
 0.96875      -17.9783 
 0.98375      -15.9783 
 0.98375      -14.9783 
 0.99975      -13.9783 
 0.99975      -11.9783 
 1.01475      -10.9783 
 1.01475      -8.97826 
 1.03075      -7.97826 
 1.03075      -6.97826 
 1.04675      -5.97826 
 1.04675      -3.97826 
 1.06175      -1.97826 
 1.06175      -0.978256 
 1.07775       1.02174 
 1.07775       2.02174 
 1.09375       4.02174 
 1.09375       4.02174 
 1.10875       7.02174 
 1.10875       8.02174 
 1.12475       9.02174 
 1.13975       10.0217 
 1.13975       11.0217 
 1.15575       13.0217 
 1.15575       14.0217 
 1.17175       16.0217 
 1.17175       17.0217 
 1.18675       18.0217 
 1.18675       20.0217 
 1.20275       21.0217 
 1.20275       22.0217 
 1.21875       24.0217 
 1.21875       26.0217 
 1.23375       27.0217 
 1.23375       28.0217 
 1.24975       29.0217 
 1.24975       31.0217 
 1.26475       32.0217 
 1.26475       34.0217 
 1.28075       35.0217 
 1.28075       37.0217 
 1.29675       37.0217 
 1.29675       39.0217 
 1.31175       39.0217 
 1.31175       41.0217 
 1.32775       42.0217 
 1.32775       44.0217 
 1.34375       44.0217 
 1.34375       45.0217 
 1.35875       46.0217 
 1.35875       47.0217 
 1.37475       49.0217 
 1.37475       49.0217 
 1.38975       51.0217 
 1.38975       51.0217 
 1.40575       52.0217 
 1.40575       53.0217 
 1.42175       54.0217 
 1.42175       55.0217 
 1.43675       56.0217 
 1.43675       56.0217 
 1.45275       56.0217 
 1.46875       59.0217 
 1.46875       57.0217 
 1.48375       59.0217 
 1.48375       60.0217 
 1.48375       60.0217 
 1.49975       60.0217 
 1.51475       61.0217 
 1.51475       61.0217 
 1.51475       61.0217 
 1.53075       62.0217 
 1.54675       62.0217 
 1.54675       63.0217 
 1.56175       63.0217 
 1.56175       63.0217 
 1.57775       63.0217 
 1.57775       64.0217 
 1.59375       64.0217 
 1.59375       64.0217 
 1.60875       64.0217 
 1.60875       64.0217 
 1.62475       64.0217 
 1.62475       64.0217 
 1.63975       64.0217 
 1.63975       64.0217 
 1.65575       64.0217 
 1.65575       63.0217 
 1.67175       63.0217 
 1.67175       63.0217 
 1.68675       63.0217 
 1.68675       63.0217 
 1.70275       62.0217 
 1.70275       62.0217 
 1.71875       61.0217 
 1.71875       61.0217 
 1.73375       60.0217 
 1.73375       61.0217 
 1.74975       60.0217 
 1.74975       60.0217 
 1.76475       59.0217 
 1.76475       58.0217 
 1.78075       59.0217 
 1.79675       57.0217 
 1.79675       57.0217 
 1.81175       56.0217 
 1.81175       55.0217 
 1.82775       54.0217 
 1.82775       53.0217 
 1.84375       52.0217 
 1.84375       52.0217 
 1.84375       52.0217 
 1.85875       50.0217 
 1.87475       49.0217 
 1.87475       48.0217 
 1.88975       47.0217 
 1.88975       46.0217 
 1.90575       45.0217 
 1.90575       45.0217 
 1.92175       44.0217 
 1.92175       42.0217 
 1.93675       40.0217 
 1.93675       40.0217 
 1.95275       39.0217 
 1.95275       38.0217 
 1.96875       37.0217 
 1.96875       35.0217 
 1.98375       34.0217 
 1.98375       33.0217 
 1.99975       31.0217 
 1.99975       31.0217 
 2.01475       29.0217 
 2.01475       28.0217 
 2.03075       26.0217 
 2.03075       25.0217 
 2.04675       23.0217 
 2.04675       23.0217 
 2.06175       21.0217 
 2.06175       20.0217 
 2.07775       18.0217 
 2.07775       17.0217 
 2.09375       16.0217 
 2.09375       14.0217 
 2.10875       14.0217 
 2.10875       12.0217 
 2.12475       11.0217 
 2.13975       9.02174 
 2.13975       8.02174 
 2.15575       6.02174 
 2.15575       6.02174 
 2.17175       4.02174 
 2.17175       2.02174 
 2.18675       3.02174 
 2.18675       0.0217438 
 2.20275      -1.97826 
 2.20275      -2.97826 
 2.21875      -3.97826 
 2.21875      -4.97826 
 2.23375      -6.97826 
 2.23375      -7.97826 
 2.24975      -9.97826 
 2.24975      -10.9783 
 2.26475      -11.9783 
 2.26475      -12.9783 
 2.28075      -14.9783 
 2.28075      -15.9783 
 2.29675      -16.9783 
 2.29675      -19.9783 
 2.31175      -19.9783 
 2.31175      -19.9783 
 2.32775      -21.9783 
 2.32775      -22.9783 
 2.34375      -23.9783 
 2.34375      -24.9783 
 2.35875      -26.9783 
 2.35875      -27.9783 
 2.37475      -28.9783 
 2.37475      -29.9783 
 2.38975      -30.9783 
 2.38975      -31.9783 
 2.40575      -33.9783 
 2.40575      -34.9783 
 2.42175      -34.9783 
 2.42175      -35.9783 
 2.43675      -36.9783 
 2.43675      -37.9783 
 2.45275      -39.9783 
 2.45275      -39.9783 
 2.46875      -41.9783 
 2.46875      -41.9783 
 2.48375      -42.9783 
 2.49975      -43.9783 
 2.49975      -43.9783 
 2.51475      -45.9783 
 2.51475      -46.9783 
 2.51475      -46.9783 
 2.53075      -47.9783 
 2.54675      -47.9783 
 2.54675      -48.9783 
 2.56175      -49.9783 
 2.56175      -50.9783 
 2.57775      -50.9783 
 2.57775      -51.9783 
 2.59375      -51.9783 
 2.59375      -52.9783 
 2.60875      -52.9783 
 2.60875      -53.9783 
 2.62475      -54.9783 
 2.62475      -54.9783 
 2.63975      -54.9783 
 2.63975      -54.9783 
 2.65575      -54.9783 
 2.65575      -55.9783 
 2.67175      -55.9783 
 2.67175      -57.9783 
 2.68675      -55.9783 
 2.68675      -55.9783 
 2.70275      -56.9783 
 2.70275      -56.9783 
 2.71875      -57.9783 
 2.71875      -57.9783 
 2.73375      -56.9783 
 2.73375      -57.9783 
 2.74975      -56.9783 
 2.74975      -56.9783 
 2.76475      -57.9783 
 2.76475      -57.9783 
 2.78075      -57.9783 
 2.78075      -56.9783 
 2.79675      -56.9783 
 2.79675      -56.9783 
 2.81175      -55.9783 
 2.81175      -56.9783 
 2.82775      -55.9783 
 2.82775      -55.9783 
 2.84375      -54.9783 
 2.84375      -54.9783 
 2.85875      -53.9783 
 2.87475      -53.9783 
 2.87475      -53.9783 
 2.88975      -53.9783 
 2.88975      -53.9783 
 2.90575      -51.9783 
 2.90575      -51.9783 
 2.92175      -50.9783 
 2.92175      -50.9783 
 2.93675      -50.9783 
 2.93675      -47.9783 
 2.95275      -48.9783 
 2.95275      -47.9783 
 2.96875      -46.9783 
 2.96875      -46.9783 
 2.98375      -45.9783 
 2.98375      -44.9783 
 2.99975      -43.9783 
 2.99975      -42.9783 
 3.01475      -41.9783 
 3.01475      -41.9783 
 3.03075      -40.9783 
 3.03075      -40.9783 
 3.04675      -38.9783 
 3.04675      -37.9783 
 3.06175      -37.9783 
 3.06175      -35.9783 
 3.07775      -34.9783 
 3.07775      -34.9783 
 3.09375      -33.9783 
 3.09375      -32.9783 
 3.10875      -30.9783 
 3.10875      -29.9783 
 3.12475      -28.9783 
 3.12475      -27.9783 
 3.13975      -26.9783 
 3.15575      -25.9783 
 3.15575      -23.9783 
 3.17175      -22.9783 
 3.17175      -21.9783 
 3.18675      -20.9783 
 3.18675      -19.9783 
 3.20275      -18.9783 
 3.20275      -16.9783 
 3.21875      -15.9783 
 3.21875      -13.9783 
 3.23375      -13.9783 
 3.23375      -12.9783 
 3.24975      -10.9783 
 3.24975      -10.9783 
 3.26475      -8.97826 
 3.26475      -6.97826 
 3.28075      -5.97826 
 3.28075      -4.97826 
 3.29675      -3.97826 
 3.29675      -2.97826 
 3.31175      -0.978256 
 3.31175       0.0217438 
 3.32775       1.02174 
 3.32775       3.02174 
 3.34375       3.02174 
 3.34375       5.02174 
 3.35875       6.02174 
 3.35875       8.02174 
 3.37475       9.02174 
 3.37475       9.02174 
 3.38975       11.0217 
 3.38975       12.0217 
 3.40575       13.0217 
 3.40575       14.0217 
 3.42175       15.0217 
 3.42175       17.0217 
 3.43675       18.0217 
 3.43675       19.0217 
 3.45275       20.0217 
 3.46875       21.0217 
 3.46875       23.0217 
 3.48375       24.0217 
 3.48375       25.0217 
 3.49975       26.0217 
 3.49975       27.0217 
 3.51475       29.0217 
 3.51475       29.0217 
 3.53075       31.0217 
 3.53075       32.0217 
 3.54675       33.0217 
 3.54675       34.0217 
 3.56175       35.0217 
 3.56175       36.0217 
 3.57775       37.0217 
 3.57775       38.0217 
 3.59375       39.0217 
 3.59375       40.0217 
 3.60875       41.0217 
 3.60875       41.0217 
 3.62475       43.0217 
 3.62475       44.0217 
 3.63975       45.0217 
 3.63975       46.0217 
 3.65575       46.0217 
 3.65575       46.0217 
 3.67175       47.0217 
 3.67175       48.0217 
 3.68675       49.0217 
 3.68675       49.0217 
 3.70275       50.0217 
 3.70275       50.0217 
 3.71875       51.0217 
 3.71875       51.0217 
 3.73375       52.0217 
 3.73375       52.0217 
 3.74975       53.0217 
 3.74975       53.0217 
 3.76475       54.0217 
 3.76475       54.0217 
 3.78075       54.0217 
 3.79675       55.0217 
 3.79675       55.0217 
 3.79675       55.0217 
 3.81175       55.0217 
 3.81175       55.0217 
 3.82775       55.0217 
 3.84375       56.0217 
 3.84375       56.0217 
 3.84375       56.0217 
 3.85875       56.0217 
 3.87475       56.0217 
 3.87475       55.0217 
 3.88975       56.0217 
 3.88975       56.0217 
 3.90575       56.0217 
 3.90575       56.0217 
 3.92175       54.0217 
 3.92175       55.0217 
 3.93675       55.0217 
 3.93675       55.0217 
 3.95275       55.0217 
 3.95275       54.0217 
 3.96875       54.0217 
 3.96875       53.0217 
 3.98375       52.0217 
 3.98375       53.0217 
 3.99975       53.0217 
 3.99975       52.0217 
 4.01475       51.0217 
 4.01475       50.0217 
 4.03075       50.0217 
 4.03075       49.0217 
 4.04675       49.0217 
 4.04675       49.0217 
 4.06175       48.0217 
 4.06175       47.0217 
 4.07775       46.0217 
 4.07775       45.0217 
 4.09375       44.0217 
 4.09375       44.0217 
 4.10875       44.0217 
 4.12475       43.0217 
 4.12475       41.0217 
 4.12475       41.0217 
 4.13975       39.0217 
 4.13975       39.0217 
 4.15575       38.0217 
 4.17175       37.0217 
 4.17175       36.0217 
 4.18675       35.0217 
 4.18675       34.0217 
 4.20275       33.0217 
 4.20275       33.0217 
 4.21875       31.0217 
 4.21875       30.0217 
 4.23375       29.0217 
 4.23375       28.0217 
 4.24975       26.0217 
 4.24975       25.0217 
 4.26475       25.0217 
 4.26475       23.0217 
 4.28075       22.0217 
 4.28075       21.0217 
 4.29675       20.0217 
 4.29675       19.0217 
 4.31175       18.0217 
 4.31175       17.0217 
 4.32775       16.0217 
 4.32775       14.0217 
 4.34375       13.0217 
 4.34375       12.0217 
 4.35875       11.0217 
 4.35875       10.0217 
 4.37475       9.02174 
 4.37475       8.02174 
 4.38975       6.02174 
 4.38975       5.02174 
 4.40575       4.02174 
 4.40575       3.02174 
 4.42175       2.02174 
 4.42175       1.02174 
 4.43675      -0.978256 
 4.43675      -1.97826 
 4.45275      -2.97826 
 4.45275      -4.97826 
 4.46875      -4.97826 
 4.48375      -6.97826 
 4.48375      -7.97826 
 4.49975      -8.97826 
 4.49975      -9.97826 
 4.51475      -11.9783 
 4.51475      -11.9783 
 4.53075      -12.9783 
 4.53075      -13.9783 
 4.54675      -14.9783 
 4.54675      -16.9783 
 4.56175      -17.9783 
 4.56175      -18.9783 
 4.57775      -18.9783 
 4.57775      -19.9783 
 4.59375      -20.9783 
 4.59375      -22.9783 
 4.60875      -23.9783 
 4.60875      -24.9783 
 4.62475      -25.9783 
 4.62475      -25.9783 
 4.63975      -26.9783 
 4.63975      -27.9783 
 4.65575      -29.9783 
 4.65575      -30.9783 
 4.67175      -31.9783 
 4.67175      -31.9783 
 4.68675      -32.9783 
 4.68675      -32.9783 
 4.70275      -34.9783 
 4.70275      -35.9783 
 4.71875      -36.9783 
 4.71875      -36.9783 
 4.73375      -37.9783 
 4.73375      -38.9783 
 4.74975      -38.9783 
 4.74975      -40.9783 
 4.76475      -40.9783 
 4.76475      -41.9783 
 4.78075      -41.9783 
 4.78075      -41.9783 
 4.79675      -42.9783 
 4.79675      -43.9783 
 4.81175      -44.9783 
 4.82775      -45.9783 
 4.82775      -45.9783 
 4.82775      -45.9783 
 4.84375      -46.9783 
 4.84375      -46.9783 
 4.85875      -47.9783 
 4.87475      -47.9783 
 4.87475      -47.9783 
 4.88975      -47.9783 
 4.88975      -48.9783 
 4.90575      -48.9783 
 4.90575      -48.9783 
 4.92175      -49.9783 
 4.92175      -49.9783 
 4.93675      -50.9783 
 4.93675      -49.9783 
 4.95275      -49.9783 
 4.95275      -49.9783 
 4.96875      -50.9783 
 4.96875      -50.9783 
 4.98375      -50.9783 
 4.98375      -49.9783 
 4.99975      -49.9783 
 4.99975      -49.9783 
 5.01475      -49.9783 
 5.01475      -50.9783 
 5.03075      -49.9783 
 5.03075      -50.9783 
 5.04675      -49.9783 
 5.04675      -48.9783 
 5.06175      -48.9783 
 5.06175      -48.9783 
 5.07775      -48.9783 
 5.07775      -48.9783 
 5.09375      -48.9783 
 5.09375      -47.9783 
 5.10875      -46.9783 
 5.10875      -46.9783 
 5.12475      -46.9783 
 5.12475      -46.9783 
 5.13975      -46.9783 
 5.13975      -44.9783 
 5.15575      -44.9783 
 5.17175      -43.9783 
 5.17175      -43.9783 
 5.17175      -43.9783 
 5.18675      -42.9783 
 5.20275      -41.9783 
 5.20275      -41.9783 
 5.21875      -40.9783 
 5.21875      -39.9783 
 5.23375      -39.9783 
 5.23375      -38.9783 
 5.24975      -38.9783 
 5.24975      -37.9783 
 5.26475      -36.9783 
 5.26475      -35.9783 
 5.28075      -35.9783 
 5.28075      -34.9783 
 5.29675      -33.9783 
 5.29675      -32.9783 
 5.31175      -31.9783 
 5.31175      -30.9783 
 5.32775      -29.9783 
 5.32775      -29.9783 
 5.34375      -28.9783 
 5.34375      -27.9783 
 5.35875      -26.9783 
 5.35875      -25.9783 
 5.37475      -23.9783 
 5.37475      -23.9783 
 5.38975      -22.9783 
 5.38975      -21.9783 
 5.40575      -20.9783 
 5.40575      -18.9783 
 5.42175      -18.9783 
 5.42175      -17.9783 
 5.43675      -16.9783 
 5.43675      -15.9783 
 5.45275      -14.9783 
 5.45275      -14.9783 
 5.46875      -12.9783 
 5.48375      -11.9783 
 5.48375      -9.97826 
 5.48375      -9.97826 
 5.49975      -8.97826 
 5.51475      -6.97826 
 5.51475      -5.97826 
 5.53075      -4.97826 
 5.53075      -4.97826 
 5.54675      -2.97826 
 5.54675      -1.97826 
 5.56175      -1.97826 
 5.56175       0.0217438 
 5.57775       1.02174 
 5.57775       3.02174 
 5.59375       4.02174 
 5.59375       4.02174 
 5.60875       5.02174 
 5.60875       6.02174 
 5.62475       8.02174 
 5.62475       9.02174 
 5.63975       10.0217 
 5.63975       10.0217 
 5.65575       12.0217 
 5.65575       12.0217 
 5.67175       14.0217 
 5.67175       15.0217 
 5.68675       16.0217 
 5.68675       17.0217 
 5.70275       18.0217 
 5.70275       19.0217 
 5.71875       20.0217 
 5.71875       21.0217 
 5.73375       22.0217 
 5.73375       23.0217 
 5.74975       24.0217 
 5.74975       25.0217 
 5.76475       26.0217 
 5.76475       27.0217 
 5.78075       28.0217 
 5.78075       29.0217 
 5.79675       30.0217 
 5.79675       30.0217 
 5.81175       30.0217 
 5.82775       32.0217 
 5.82775       34.0217 
 5.82775       34.0217 
 5.84375       35.0217 
 5.85875       34.0217 
 5.85875       36.0217 
 5.87475       37.0217 
 5.87475       38.0217 
 5.88975       39.0217 
 5.88975       39.0217 
 5.90575       40.0217 
 5.90575       40.0217 
 5.92175       41.0217 
 5.92175       41.0217 
 5.93675       42.0217 
 5.93675       43.0217 
 5.95275       44.0217 
 5.95275       44.0217 
 5.96875       44.0217 
 5.96875       45.0217 
 5.98375       45.0217 
 5.98375       46.0217 
 5.99975       46.0217 
 5.99975       46.0217 
 6.01475       46.0217 
 6.01475       47.0217 
 6.03075       47.0217 
 6.03075       47.0217 
 6.04675       48.0217 
 6.04675       48.0217 
 6.06175       48.0217 
 6.06175       48.0217 
 6.07775       48.0217 
 6.07775       48.0217 
 6.09375       48.0217 
 6.09375       49.0217 
 6.10875       49.0217 
 6.12475       48.0217 
 6.12475       48.0217 
 6.12475       48.0217 
 6.13975       49.0217 
 6.15575       48.0217 
 6.15575       48.0217 
 6.15575       48.0217 
 6.17175       48.0217 
 6.18675       47.0217 
 6.18675       47.0217 
 6.18675       47.0217 
 6.20275       47.0217 
 6.21875       47.0217 
 6.21875       46.0217 
 6.23375       46.0217 
 6.23375       45.0217 
 6.24975       45.0217 
 6.24975       45.0217 
 6.26475       44.0217 
 6.26475       44.0217 
 6.28075       43.0217 
 6.28075       43.0217 
 6.29675       41.0217 
 6.29675       42.0217 
 6.31175       41.0217 
 6.31175       40.0217 
 6.32775       40.0217 
 6.32775       39.0217 
 6.34375       38.0217 
 6.34375       38.0217 
 6.35875       38.0217 
 6.35875       36.0217 
 6.37475       36.0217 
 6.37475       35.0217 
 6.38975       34.0217 
 6.38975       34.0217 
 6.40575       33.0217 
 6.40575       34.0217 
 6.42175       31.0217 
 6.42175       30.0217 
 6.43675       29.0217 
 6.43675       28.0217 
 6.45275       27.0217 
 6.45275       27.0217 
 6.46875       26.0217 
 6.48375       25.0217 
 6.48375       24.0217 
 6.49975       22.0217 
 6.49975       22.0217 
 6.51475       21.0217 
 6.51475       20.0217 
 6.51475       20.0217 
 6.53075       18.0217 
 6.54675       17.0217 
 6.54675       16.0217 
 6.56175       15.0217 
 6.56175       14.0217 
 6.57775       14.0217 
 6.57775       13.0217 
 6.59375       12.0217 
 6.59375       11.0217 
 6.60875       9.02174 
 6.60875       10.0217 
 6.62475       8.02174 
 6.62475       7.02174 
 6.63975       6.02174 
 6.63975       4.02174 
 6.65575       3.02174 
 6.65575       2.02174 
 6.67175       2.02174 
 6.67175       1.02174 
 6.68675       0.0217438 
 6.68675      -1.97826 
 6.70275      -1.97826 
 6.70275      -3.97826 
 6.71875      -4.97826 
 6.71875      -4.97826 
 6.73375      -6.97826 
 6.73375      -6.97826 
 6.74975      -8.97826 
 6.74975      -9.97826 
 6.76475      -10.9783 
 6.76475      -10.9783 
 6.78075      -12.9783 
 6.78075      -12.9783 
 6.79675      -13.9783 
 6.79675      -14.9783 
 6.81175      -13.9783 
 6.82775      -16.9783 
 6.82775      -16.9783 
 6.84375      -17.9783 
 6.84375      -18.9783 
 6.85875      -20.9783 
 6.85875      -21.9783 
 6.87475      -21.9783 
 6.87475      -22.9783 
 6.88975      -23.9783 
 6.88975      -23.9783 
 6.90575      -24.9783 
 6.90575      -25.9783 
 6.92175      -26.9783 
 6.92175      -27.9783 
 6.93675      -28.9783 
 6.93675      -28.9783 
 6.95275      -29.9783 
 6.95275      -30.9783 
 6.96875      -31.9783 
 6.96875      -31.9783 
 6.98375      -31.9783 
 6.98375      -32.9783 
 6.99975      -33.9783 
 6.99975      -33.9783 
 7.01475      -34.9783 
 7.01475      -35.9783 
 7.03075      -36.9783 
 7.03075      -35.9783 
 7.04675      -36.9783 
 7.04675      -36.9783 
 7.06175      -37.9783 
 7.06175      -38.9783 
 7.07775      -38.9783 
 7.07775      -38.9783 
 7.09375      -39.9783 
 7.09375      -39.9783 
 7.10875      -40.9783 
 7.10875      -40.9783 
 7.12475      -41.9783 
 7.12475      -42.9783 
 7.13975      -41.9783 
 7.13975      -41.9783 
 7.15575      -41.9783 
 7.17175      -42.9783 
 7.17175      -42.9783 
 7.18675      -43.9783 
 7.18675      -42.9783 
 7.18675      -42.9783 
 7.20275      -43.9783 
 7.21875      -42.9783 
 7.21875      -43.9783 
 7.23375      -43.9783 
 7.23375      -43.9783 
 7.24975      -42.9783 
 7.24975      -41.9783 
 7.26475      -42.9783 
 7.26475      -43.9783 
 7.28075      -42.9783 
 7.28075      -42.9783 
 7.29675      -42.9783 
 7.29675      -42.9783 
 7.31175      -42.9783 
 7.31175      -42.9783 
 7.32775      -42.9783 
 7.32775      -42.9783 
 7.34375      -41.9783 
 7.34375      -40.9783 
 7.35875      -40.9783 
 7.35875      -40.9783 
 7.37475      -39.9783 
 7.37475      -39.9783 
 7.38975      -39.9783 
 7.38975      -38.9783 
 7.40575      -38.9783 
 7.40575      -37.9783 
 7.42175      -37.9783 
 7.42175      -37.9783 
 7.43675      -36.9783 
 7.43675      -36.9783 
 7.45275      -35.9783 
 7.45275      -35.9783 
 7.46875      -34.9783 
 7.46875      -33.9783 
 7.48375      -33.9783 
 7.48375      -33.9783 
 7.49975      -32.9783 
 7.51475      -31.9783 
 7.51475      -30.9783 
 7.51475      -30.9783 
 7.53075      -29.9783 
 7.54675      -29.9783 
 7.54675      -28.9783 
 7.56175      -27.9783 
 7.56175      -27.9783 
 7.57775      -25.9783 
 7.57775      -24.9783 
 7.59375      -24.9783 
 7.59375      -23.9783 
 7.60875      -23.9783 
 7.60875      -20.9783 
 7.62475      -21.9783 
 7.62475      -20.9783 
 7.63975      -19.9783 
 7.63975      -18.9783 
 7.65575      -18.9783 
 7.65575      -17.9783 
 7.67175      -16.9783 
 7.67175      -15.9783 
 7.68675      -13.9783 
 7.68675      -13.9783 
 7.70275      -13.9783 
 7.70275      -12.9783 
 7.71875      -10.9783 
 7.71875      -9.97826 
 7.73375      -9.97826 
 7.73375      -8.97826 
 7.74975      -7.97826 
 7.74975      -7.97826 
 7.76475      -5.97826 
 7.76475      -4.97826 
 7.78075      -3.97826 
 7.78075      -2.97826 
 7.79675      -1.97826 
 7.79675      -1.97826 
 7.81175       0.0217438 
 7.81175       0.0217438 
 7.82775       2.02174 
 7.84375       3.02174 
 7.84375       4.02174 
 7.85875       5.02174 
 7.85875       5.02174 
 7.87475       7.02174 
 7.87475       7.02174 
 7.88975       8.02174 
 7.88975       10.0217 
 7.90575       10.0217 
 7.90575       11.0217 
 7.92175       11.0217 
 7.92175       13.0217 
 7.93675       14.0217 
 7.93675       14.0217 
 7.95275       15.0217 
 7.95275       16.0217 
 7.96875       17.0217 
 7.96875       17.0217 
 7.98375       19.0217 
 7.98375       19.0217 
 7.99975       20.0217 
 7.99975       21.0217 
 8.01475       21.0217 
 8.01475       22.0217 
 8.03075       23.0217 
 8.03075       24.0217 
 8.04675       25.0217 
 8.04675       26.0217 
 8.06175       26.0217 
 8.06175       27.0217 
 8.07775       28.0217 
 8.07775       29.0217 
 8.09375       30.0217 
 8.09375       30.0217 
 8.10875       31.0217 
 8.10875       31.0217 
 8.12475       32.0217 
 8.13975       34.0217 
 8.13975       33.0217 
 8.15575       34.0217 
 8.15575       35.0217 
 8.15575       35.0217 
 8.17175       35.0217 
 8.17175       35.0217 
 8.18675       37.0217 
 8.20275       37.0217 
 8.20275       38.0217 
 8.21875       37.0217 
 8.21875       38.0217 
 8.23375       38.0217 
 8.23375       39.0217 
 8.24975       39.0217 
 8.24975       38.0217 
 8.26475       40.0217 
 8.26475       40.0217 
 8.28075       39.0217 
 8.28075       40.0217 
 8.29675       40.0217 
 8.29675       41.0217 
 8.31175       41.0217 
 8.31175       41.0217 
 8.32775       41.0217 
 8.32775       41.0217 
 8.34375       41.0217 
 8.34375       42.0217 
 8.35875       42.0217 
 8.35875       41.0217 
 8.37475       41.0217 
 8.37475       41.0217 
 8.38975       41.0217 
 8.38975       41.0217 
 8.40575       41.0217 
 8.40575       41.0217 
 8.42175       41.0217 
 8.42175       41.0217 
 8.43675       40.0217 
 8.43675       40.0217 
 8.45275       40.0217 
 8.45275       40.0217 
 8.46875       40.0217 
 8.48375       39.0217 
 8.48375       39.0217 
 8.49975       38.0217 
 8.49975       39.0217 
 8.51475       38.0217 
 8.51475       38.0217 
 8.53075       37.0217 
 8.53075       37.0217 
 8.54675       36.0217 
 8.54675       36.0217 
 8.56175       36.0217 
 8.56175       35.0217 
 8.57775       35.0217 
 8.57775       33.0217 
 8.59375       33.0217 
 8.59375       33.0217 
 8.60875       32.0217 
 8.60875       32.0217 
 8.62475       31.0217 
 8.62475       30.0217 
 8.63975       29.0217 
 8.63975       29.0217 
 8.65575       28.0217 
 8.65575       27.0217 
 8.67175       27.0217 
 8.67175       26.0217 
 8.68675       25.0217 
 8.68675       25.0217 
 8.70275       24.0217 
 8.70275       24.0217 
 8.71875       23.0217 
 8.71875       22.0217 
 8.73375       21.0217 
 8.73375       20.0217 
 8.74975       20.0217 
 8.74975       18.0217 
 8.76475       18.0217 
 8.76475       17.0217 
 8.78075       17.0217 
 8.78075       16.0217 
 8.79675       14.0217 
 8.79675       14.0217 
 8.81175       14.0217 
 8.82775       12.0217 
 8.82775       12.0217 
 8.84375       11.0217 
 8.84375       10.0217 
 8.85875       11.0217 
 8.85875       8.02174 
 8.87475       8.02174 
 8.87475       7.02174 
 8.88975       6.02174 
 8.88975       5.02174 
 8.90575       4.02174 
 8.90575       3.02174 
 8.92175       1.02174 
 8.92175       2.02174 
 8.93675       1.02174 
 8.93675       0.0217438 
 8.95275      -0.978256 
 8.95275      -1.97826 
 8.96875      -2.97826 
 8.96875      -3.97826 
 8.98375      -4.97826 
 8.98375      -4.97826 
 8.99975      -6.97826 
 8.99975      -7.97826 
 9.01475      -7.97826 
 9.01475      -9.97826 
 9.03075      -9.97826 
 9.03075      -9.97826 
 9.04675      -10.9783 
 9.04675      -12.9783 
 9.06175      -12.9783 
 9.06175      -13.9783 
 9.07775      -14.9783 
 9.07775      -14.9783 
 9.09375      -15.9783 
 9.09375      -16.9783 
 9.10875      -17.9783 
 9.10875      -18.9783 
 9.12475      -18.9783 
 9.12475      -19.9783 
 9.13975      -19.9783 
 9.15575      -20.9783 
 9.15575      -21.9783 
 9.17175      -22.9783 
 9.17175      -23.9783 
 9.17175      -23.9783 
 9.18675      -24.9783 
 9.20275      -24.9783 
 9.20275      -24.9783 
 9.21875      -25.9783 
 9.21875      -26.9783 
 9.23375      -27.9783 
 9.23375      -27.9783 
 9.24975      -27.9783 
 9.24975      -28.9783 
 9.26475      -29.9783 
 9.26475      -29.9783 
 9.28075      -30.9783 
 9.28075      -30.9783 
 9.29675      -29.9783 
 9.29675      -31.9783 
 9.31175      -31.9783 
 9.31175      -32.9783 
 9.32775      -32.9783 
 9.32775      -32.9783 
 9.34375      -33.9783 
 9.34375      -33.9783 
 9.35875      -33.9783 
 9.35875      -34.9783 
 9.37475      -34.9783 
 9.37475      -35.9783 
 9.38975      -35.9783 
 9.38975      -35.9783 
 9.40575      -35.9783 
 9.40575      -35.9783 
 9.42175      -35.9783 
 9.42175      -36.9783 
 9.43675      -37.9783 
 9.43675      -36.9783 
 9.45275      -36.9783 
 9.45275      -36.9783 
 9.46875      -36.9783 
 9.46875      -36.9783 
 9.48375      -36.9783 
 9.48375      -36.9783 
 9.49975      -36.9783 
 9.49975      -36.9783 
 9.51475      -36.9783 
 9.51475      -36.9783 
 9.53075      -36.9783 
 9.54675      -36.9783 
 9.54675      -35.9783 
 9.56175      -35.9783 
 9.56175      -35.9783 
 9.57775      -34.9783 
 9.57775      -35.9783 
 9.59375      -35.9783 
 9.59375      -35.9783 
 9.60875      -35.9783 
 9.60875      -34.9783 
 9.62475      -34.9783 
 9.62475      -33.9783 
 9.63975      -33.9783 
 9.63975      -33.9783 
 9.65575      -32.9783 
 9.65575      -32.9783 
 9.67175      -31.9783 
 9.67175      -31.9783 
 9.68675      -31.9783 
 9.68675      -31.9783 
 9.70275      -30.9783 
 9.70275      -29.9783 
 9.71875      -29.9783 
 9.71875      -28.9783 
 9.73375      -29.9783 
 9.73375      -28.9783 
 9.74975      -27.9783 
 9.74975      -27.9783 
 9.76475      -26.9783 
 9.76475      -25.9783 
 9.78075      -25.9783 
 9.78075      -25.9783 
 9.79675      -24.9783 
 9.79675      -23.9783 
 9.81175      -22.9783 
 9.81175      -22.9783 
 9.82775      -21.9783 
 9.84375      -20.9783 
 9.84375      -20.9783 
 9.85875      -19.9783 
 9.85875      -19.9783 
 9.87475      -18.9783 
 9.87475      -17.9783 
 9.88975      -16.9783 
 9.88975      -15.9783 
 9.90575      -15.9783 
 9.90575      -15.9783 
 9.92175      -14.9783 
 9.92175      -13.9783 
 9.93675      -12.9783 
 9.93675      -12.9783 
 9.95275      -11.9783 
 9.95275      -10.9783 
 9.96875      -10.9783 
 9.96875      -8.97826 
 9.98375      -8.97826 
 9.98375      -7.97826 
 9.99975      -7.97826 
 9.99975      -6.97826 
 10.0147      -5.97826 
 10.0147      -4.97826 
 10.0307      -3.97826 
 10.0307      -2.97826 
 10.0467      -1.97826 
 10.0467      -1.97826 
 10.0618      -0.978256 
 10.0618       0.0217438 
 10.0778       1.02174 
 10.0778       2.02174 
 10.0938       3.02174 
 10.0938       2.02174 
 10.1088       4.02174 
 10.1088       5.02174 
 10.1248       6.02174 
 10.1248       7.02174 
 10.1397       7.02174 
 10.1557       8.02174 
 10.1557       8.02174 
 10.1717       9.02174 
 10.1717       10.0217 
 10.1868       11.0217 
 10.1868       12.0217 
 10.2028       12.0217 
 10.2028       13.0217 
 10.2188       14.0217 
 10.2188       14.0217 
 10.2338       15.0217 
 10.2338       16.0217 
 10.2498       17.0217 
 10.2498       17.0217 
 10.2647       18.0217 
 10.2647       18.0217 
 10.2807       19.0217 
 10.2807       20.0217 
 10.2967       21.0217 
 10.2967       21.0217 
 10.3118       22.0217 
 10.3118       22.0217 
 10.3278       23.0217 
 10.3278       24.0217 
 10.3438       24.0217 
 10.3438       24.0217 
 10.3588       25.0217 
 10.3588       26.0217 
 10.3748       26.0217 
 10.3748       26.0217 
 10.3897       27.0217 
 10.3897       28.0217 
 10.4057       29.0217 
 10.4057       29.0217 
 10.4217       29.0217 
 10.4217       29.0217 
 10.4368       30.0217 
 10.4368       31.0217 
 10.4528       31.0217 
 10.4528       31.0217 
 10.4688       31.0217 
 10.4838       32.0217 
 10.4838       32.0217 
 10.4838       32.0217 
 10.4998       33.0217 
 10.5147       34.0217 
 10.5147       33.0217 
 10.5147       33.0217 
 10.5307       33.0217 
 10.5467       34.0217 
 10.5467       35.0217 
 10.5618       34.0217 
 10.5618       34.0217 
 10.5778       34.0217 
 10.5778       34.0217 
 10.5938       34.0217 
 10.5938       35.0217 
 10.6088       35.0217 
 10.6088       35.0217 
 10.6248       35.0217 
 10.6248       35.0217 
 10.6397       34.0217 
 10.6397       34.0217 
 10.6557       35.0217 
 10.6557       35.0217 
 10.6717       35.0217 
 10.6717       34.0217 
 10.6868       34.0217 
 10.6868       34.0217 
 10.7028       34.0217 
 10.7028       34.0217 
 10.7188       33.0217 
 10.7188       33.0217 
 10.7338       33.0217 
 10.7338       33.0217 
 10.7498       32.0217 
 10.7498       32.0217 
 10.7647       32.0217 
 10.7647       32.0217 
 10.7807       31.0217 
 10.7807       31.0217 
 10.7967       29.0217 
 10.8118       30.0217 
 10.8118       30.0217 
 10.8278       29.0217 
 10.8278       29.0217 
 10.8438       28.0217 
 10.8438       27.0217 
 10.8438       27.0217 
 10.8588       27.0217 
 10.8748       26.0217 
 10.8748       26.0217 
 10.8897       25.0217 
 10.8897       25.0217 
 10.9057       24.0217 
 10.9057       23.0217 
 10.9217       23.0217 
 10.9217       23.0217 
 10.9368       22.0217 
 10.9368       21.0217 
 10.9528       20.0217 
 10.9528       20.0217 
 10.9688       20.0217 
 10.9688       19.0217 
 10.9838       18.0217 
 10.9838       17.0217 
 10.9998       17.0217 
 10.9998       16.0217 
 11.0147       15.0217 
 11.0147       15.0217 
 11.0307       14.0217 
 11.0307       14.0217 
 11.0467       13.0217 
 11.0467       12.0217 
 11.0618       11.0217 
 11.0618       10.0217 
 11.0778       10.0217 
 11.0778       10.0217 
 11.0938       9.02174 
 11.0938       8.02174 
 11.1088       7.02174 
 11.1088       6.02174 
 11.1248       6.02174 
 11.1248       6.02174 
 11.1397       5.02174 
 11.1557       4.02174 
 11.1557       3.02174 
 11.1717       2.02174 
 11.1717       2.02174 
 11.1868       1.02174 
 11.1868       1.02174 
 11.2028       0.0217438 
 11.2028      -1.97826 
 11.2188      -1.97826 
 11.2188      -2.97826 
 11.2338      -2.97826 
 11.2338      -3.97826 
 11.2498      -4.97826 
 11.2498      -5.97826 
 11.2647      -6.97826 
 11.2647      -6.97826 
 11.2807      -7.97826 
 11.2807      -7.97826 
 11.2967      -8.97826 
 11.2967      -9.97826 
 11.3118      -10.9783 
 11.3118      -10.9783 
 11.3278      -11.9783 
 11.3278      -11.9783 
 11.3438      -12.9783 
 11.3438      -13.9783 
 11.3588      -13.9783 
 11.3588      -14.9783 
 11.3748      -15.9783 
 11.3748      -15.9783 
 11.3897      -15.9783 
 11.3897      -16.9783 
 11.4057      -17.9783 
 11.4057      -17.9783 
 11.4217      -18.9783 
 11.4217      -19.9783 
 11.4368      -18.9783 
 11.4368      -19.9783 
 11.4528      -20.9783 
 11.4528      -20.9783 
 11.4688      -21.9783 
 11.4688      -21.9783 
 11.4838      -22.9783 
 11.4838      -22.9783 
 11.4998      -23.9783 
 11.4998      -23.9783 
 11.5147      -24.9783 
 11.5147      -24.9783 
 11.5307      -25.9783 
 11.5467      -25.9783 
 11.5467      -25.9783 
 11.5618      -25.9783 
 11.5618      -26.9783 
 11.5778      -27.9783 
 11.5778      -27.9783 
 11.5938      -27.9783 
 11.5938      -27.9783 
 11.6088      -27.9783 
 11.6088      -28.9783 
 11.6248      -28.9783 
 11.6248      -29.9783 
 11.6397      -29.9783 
 11.6397      -29.9783 
 11.6557      -29.9783 
 11.6557      -29.9783 
 11.6717      -29.9783 
 11.6717      -30.9783 
 11.6868      -30.9783 
 11.6868      -30.9783 
 11.7028      -30.9783 
 11.7028      -31.9783 
 11.7188      -30.9783 
 11.7188      -30.9783 
 11.7338      -30.9783 
 11.7338      -30.9783 
 11.7498      -30.9783 
 11.7498      -30.9783 
 11.7647      -31.9783 
 11.7647      -30.9783 
 11.7807      -30.9783 
 11.7807      -30.9783 
 11.7967      -30.9783 
 11.7967      -30.9783 
 11.8118      -29.9783 
 11.8118      -29.9783 
 11.8278      -29.9783 
 11.8278      -29.9783 
 11.8438      -29.9783 
 11.8438      -29.9783 
 11.8588      -28.9783 
 11.8748      -28.9783 
 11.8748      -28.9783 
 11.8897      -29.9783 
 11.8897      -28.9783 
 11.9057      -28.9783 
 11.9057      -27.9783 
 11.9217      -26.9783 
 11.9217      -26.9783 
 11.9368      -26.9783 
 11.9368      -26.9783 
 11.9528      -26.9783 
 11.9528      -25.9783 
 11.9688      -24.9783 
 11.9688      -24.9783 
 11.9838      -24.9783 
 11.9838      -24.9783 
 11.9998      -23.9783 
 11.9998      -23.9783 
 12.0147      -22.9783 
 12.0147      -22.9783 
 12.0307      -21.9783 
 12.0307      -20.9783 
 12.0467      -21.9783 
 12.0467      -20.9783 
 12.0618      -19.9783 
 12.0618      -18.9783 
 12.0778      -18.9783 
 12.0778      -17.9783 
 12.0938      -17.9783 
 12.0938      -17.9783 
 12.1088      -16.9783 
 12.1088      -15.9783 
 12.1248      -15.9783 
 12.1248      -14.9783 
 12.1397      -14.9783 
 12.1557      -13.9783 
 12.1557      -13.9783 
 12.1717      -11.9783 
 12.1717      -11.9783 
 12.1717      -11.9783 
 12.1868      -10.9783 
 12.2028      -10.9783 
 12.2028      -9.97826 
 12.2188      -9.97826 
 12.2188      -8.97826 
 12.2338      -7.97826 
 12.2338      -6.97826 
 12.2498      -6.97826 
 12.2498      -6.97826 
 12.2647      -5.97826 
 12.2647      -4.97826 
 12.2807      -3.97826 
 12.2807      -3.97826 
 12.2967      -1.97826 
 12.2967      -1.97826 
 12.3118      -1.97826 
 12.3118      -0.978256 
 12.3278       0.0217438 
 12.3278       1.02174 
 12.3438       1.02174 
 12.3438       2.02174 
 12.3588       2.02174 
 12.3588       3.02174 
 12.3748       3.02174 
 12.3748       4.02174 
 12.3897       5.02174 
 12.3897       6.02174 
 12.4057       7.02174 
 12.4057       7.02174 
 12.4217       7.02174 
 12.4217       8.02174 
 12.4368       9.02174 
 12.4368       10.0217 
 12.4528       10.0217 
 12.4528       11.0217 
 12.4688       11.0217 
 12.4688       11.0217 
 12.4838       11.0217 
 12.4998       13.0217 
 12.4998       14.0217 
 12.4998       14.0217 
 12.5147       14.0217 
 12.5147       14.0217 
 12.5307       15.0217 
 12.5467       16.0217 
 12.5467       17.0217 
 12.5618       18.0217 
 12.5618       18.0217 
 12.5778       18.0217 
 12.5778       18.0217 
 12.5938       20.0217 
 12.5938       20.0217 
 12.6088       20.0217 
 12.6088       21.0217 
 12.6248       21.0217 
 12.6248       22.0217 
 12.6397       22.0217 
 12.6397       23.0217 
 12.6557       23.0217 
 12.6557       23.0217 
 12.6717       24.0217 
 12.6717       24.0217 
 12.6868       24.0217 
 12.6868       25.0217 
 12.7028       25.0217 
 12.7028       25.0217 
 12.7188       25.0217 
 12.7188       25.0217 
 12.7338       26.0217 
 12.7338       26.0217 
 12.7498       27.0217 
 12.7498       27.0217 
 12.7647       27.0217 
 12.7647       27.0217 
 12.7807       27.0217 
 12.7807       28.0217 
 12.7967       28.0217 
 12.7967       28.0217 
 12.8118       29.0217 
 12.8278       28.0217 
 12.8278       28.0217 
 12.8278       28.0217 
 12.8438       28.0217 
 12.8588       29.0217 
 12.8588       29.0217 
 12.8748       29.0217 
 12.8748       29.0217 
 12.8897       30.0217 
 12.8897       28.0217 
 12.9057       29.0217 
 12.9057       29.0217 
 12.9217       29.0217 
 12.9217       27.0217 
 12.9368       28.0217 
 12.9368       28.0217 
 12.9528       28.0217 
 12.9528       28.0217 
 12.9688       28.0217 
 12.9688       28.0217 
 12.9838       27.0217 
 12.9838       27.0217 
 12.9998       26.0217 
 12.9998       26.0217 
 13.0147       27.0217 
 13.0147       26.0217 
 13.0307       26.0217 
 13.0307       25.0217 
 13.0467       24.0217 
 13.0467       25.0217 
 13.0618       25.0217 
 13.0618       24.0217 
 13.0778       24.0217 
 13.0778       24.0217 
 13.0938       23.0217 
 13.0938       22.0217 
 13.1088       22.0217 
 13.1088       21.0217 
 13.1248       22.0217 
 13.1248       22.0217 
 13.1397       21.0217 
 13.1557       20.0217 
 13.1557       19.0217 
 13.1557       19.0217 
 13.1717       19.0217 
 13.1717       19.0217 
 13.1868       18.0217 
 13.2028       17.0217 
 13.2028       17.0217 
 13.2188       16.0217 
 13.2188       16.0217 
 13.2338       16.0217 
 13.2338       15.0217 
 13.2498       15.0217 
 13.2498       14.0217 
 13.2647       13.0217 
 13.2647       13.0217 
 13.2807       13.0217 
 13.2807       12.0217 
 13.2967       12.0217 
 13.2967       10.0217 
 13.3118       10.0217 
 13.3118       10.0217 
 13.3278       9.02174 
 13.3278       9.02174 
 13.3438       8.02174 
 13.3438       8.02174 
 13.3588       6.02174 
 13.3588       6.02174 
 13.3748       6.02174 
 13.3748       5.02174 
 13.3897       5.02174 
 13.3897       4.02174 
 13.4057       2.02174 
 13.4057       3.02174 
 13.4217       1.02174 
 13.4217       2.02174 
 13.4368       1.02174 
 13.4368       1.02174 
 13.4528       0.0217438 
 13.4528      -0.978256 
 13.4688      -1.97826 
 13.4688      -1.97826 
 13.4838      -1.97826 
 13.4998      -2.97826 
 13.4998      -2.97826 
 13.5147      -4.97826 
 13.5147      -4.97826 
 13.5307      -6.97826 
 13.5307      -5.97826 
 13.5467      -6.97826 
 13.5467      -6.97826 
 13.5618      -7.97826 
 13.5618      -8.97826 
 13.5778      -8.97826 
 13.5778      -9.97826 
 13.5938      -9.97826 
 13.5938      -9.97826 
 13.6088      -10.9783 
 13.6088      -11.9783 
 13.6248      -11.9783 
 13.6248      -12.9783 
 13.6397      -12.9783 
 13.6397      -13.9783 
 13.6557      -13.9783 
 13.6557      -13.9783 
 13.6717      -14.9783 
 13.6717      -14.9783 
 13.6868      -15.9783 
 13.6868      -15.9783 
 13.7028      -16.9783 
 13.7028      -16.9783 
 13.7188      -16.9783 
 13.7188      -16.9783 
 13.7338      -18.9783 
 13.7338      -17.9783 
 13.7498      -18.9783 
 13.7498      -18.9783 
 13.7647      -19.9783 
 13.7647      -19.9783 
 13.7807      -20.9783 
 13.7807      -21.9783 
 13.7967      -20.9783 
 13.7967      -21.9783 
 13.8118      -20.9783 
 13.8278      -21.9783 
 13.8278      -21.9783 
 13.8438      -22.9783 
 13.8438      -22.9783 
 13.8438      -22.9783 
 13.8588      -22.9783 
 13.8748      -22.9783 
 13.8748      -23.9783 
 13.8897      -21.9783 
 13.8897      -23.9783 
 13.9057      -23.9783 
 13.9057      -23.9783 
 13.9217      -24.9783 
 13.9217      -24.9783 
 13.9368      -24.9783 
 13.9368      -24.9783 
 13.9528      -24.9783 
 13.9528      -24.9783 
 13.9688      -24.9783 
 13.9688      -24.9783 
 13.9838      -24.9783 
 13.9838      -24.9783 
 13.9998      -25.9783 
 13.9998      -24.9783 
 14.0147      -24.9783 
 14.0147      -24.9783 
 14.0307      -25.9783 
 14.0307      -24.9783 
 14.0467      -25.9783 
 14.0467      -24.9783 
 14.0618      -24.9783 
 14.0618      -23.9783 
 14.0778      -24.9783 
 14.0778      -22.9783 
 14.0938      -24.9783 
 14.0938      -24.9783 
 14.1088      -23.9783 
 14.1088      -23.9783 
 14.1248      -24.9783 
 14.1248      -23.9783 
 14.1397      -23.9783 
 14.1397      -23.9783 
 14.1557      -22.9783 
 14.1717      -21.9783 
 14.1717      -21.9783 
 14.1717      -21.9783 
 14.1868      -21.9783 
 14.2028      -21.9783 
 14.2028      -21.9783 
 14.2188      -20.9783 
 14.2188      -20.9783 
 14.2338      -19.9783 
 14.2338      -19.9783 
 14.2498      -20.9783 
 14.2498      -19.9783 
 14.2647      -19.9783 
 14.2647      -18.9783 
 14.2807      -17.9783 
 14.2807      -17.9783 
 14.2967      -17.9783 
 14.2967      -17.9783 
 14.3118      -17.9783 
 14.3118      -15.9783 
 14.3278      -15.9783 
 14.3278      -15.9783 
 14.3438      -14.9783 
 14.3438      -14.9783 
 14.3588      -14.9783 
 14.3588      -14.9783 
 14.3748      -13.9783 
 14.3748      -12.9783 
 14.3897      -11.9783 
 14.3897      -11.9783 
 14.4057      -11.9783 
 14.4057      -11.9783 
 14.4217      -10.9783 
 14.4217      -9.97826 
 14.4368      -9.97826 
 14.4368      -8.97826 
 14.4528      -8.97826 
 14.4528      -8.97826 
 14.4688      -7.97826 
 14.4838      -6.97826 
 14.4838      -6.97826 
 14.4998      -5.97826 
 14.4998      -5.97826 
 14.4998      -5.97826 
 14.5147      -4.97826 
 14.5147      -4.97826 
 14.5307      -3.97826 
 14.5467      -2.97826 
 14.5467      -1.97826 
 14.5618      -1.97826 
 14.5618      -1.97826 
 14.5778      -1.97826 
 14.5778       0.0217438 
 14.5938       1.02174 
 14.5938       1.02174 
 14.6088       1.02174 
 14.6088       1.02174 
 14.6248       2.02174 
 14.6248       2.02174 
 14.6397       3.02174 
 14.6397       4.02174 
 14.6557       4.02174 
 14.6557       5.02174 
 14.6717       5.02174 
 14.6717       5.02174 
 14.6868       6.02174 
 14.6868       7.02174 
 14.7028       8.02174 
 14.7028       8.02174 
 14.7188       8.02174 
 14.7188       8.02174 
 14.7338       9.02174 
 14.7338       10.0217 
 14.7498       10.0217 
 14.7498       11.0217 
 14.7647       11.0217 
 14.7647       11.0217 
 14.7807       12.0217 
 14.7807       12.0217 
 14.7967       13.0217 
 14.8118       14.0217 
 14.8118       14.0217 
 14.8118       14.0217 
 14.8278       14.0217 
 14.8278       14.0217 
 14.8438       14.0217 
 14.8588       16.0217 
 14.8588       16.0217 
 14.8748       16.0217 
 14.8748       17.0217 
 14.8897       17.0217 
 14.8897       17.0217 
 14.9057       18.0217 
 14.9057       18.0217 
 14.9217       18.0217 
 14.9217       19.0217 
 14.9368       19.0217 
 14.9368       19.0217 
 14.9528       20.0217 
 14.9528       20.0217 
 14.9688       20.0217 
 14.9688       20.0217 
 14.9838       20.0217 
 14.9838       20.0217 
 14.9998       20.0217 
 14.9998       21.0217 
 15.0147       21.0217 
