 0.015125     -39.9783 
 0.015125     -40.9783 
 0.031125     -41.9783 
 0.031125     -42.9783 
 0.046125     -43.9783 
 0.046125     -44.9783 
 0.062125     -44.9783 
 0.062125     -45.9783 
 0.078125     -46.9783 
 0.078125     -47.9783 
 0.093125     -48.9783 
 0.093125     -48.9783 
 0.109125     -49.9783 
 0.109125     -49.9783 
 0.124125     -50.9783 
 0.124125     -51.9783 
 0.140125     -51.9783 
 0.140125     -52.9783 
 0.156125     -50.9783 
 0.156125     -52.9783 
 0.171125     -53.9783 
 0.171125     -53.9783 
 0.187125     -54.9783 
 0.187125     -54.9783 
 0.203125     -54.9783 
 0.203125     -54.9783 
 0.218125     -55.9783 
 0.218125     -55.9783 
 0.234125     -55.9783 
 0.234125     -56.9783 
 0.249125     -56.9783 
 0.249125     -55.9783 
 0.265125     -56.9783 
 0.265125     -55.9783 
 0.281125     -56.9783 
 0.281125     -56.9783 
 0.296125     -56.9783 
 0.296125     -56.9783 
 0.312125     -55.9783 
 0.312125     -55.9783 
 0.328125     -55.9783 
 0.328125     -55.9783 
 0.343125     -55.9783 
 0.343125     -55.9783 
 0.359125     -54.9783 
 0.359125     -54.9783 
 0.374125     -54.9783 
 0.390125     -54.9783 
 0.390125     -54.9783 
 0.406125     -53.9783 
 0.406125     -53.9783 
 0.421125     -52.9783 
 0.421125     -52.9783 
 0.437125     -51.9783 
 0.437125     -51.9783 
 0.453125     -51.9783 
 0.453125     -51.9783 
 0.468125     -49.9783 
 0.468125     -49.9783 
 0.484125     -48.9783 
 0.484125     -47.9783 
 0.499125     -47.9783 
 0.499125     -46.9783 
 0.515125     -46.9783 
 0.515125     -45.9783 
 0.531125     -44.9783 
 0.531125     -43.9783 
 0.546125     -43.9783 
 0.546125     -42.9783 
 0.562125     -41.9783 
 0.562125     -40.9783 
 0.578125     -39.9783 
 0.578125     -38.9783 
 0.593125     -37.9783 
 0.593125     -36.9783 
 0.609125     -36.9783 
 0.609125     -34.9783 
 0.624125     -34.9783 
 0.624125     -32.9783 
 0.640125     -32.9783 
 0.640125     -31.9783 
 0.656125     -30.9783 
 0.656125     -30.9783 
 0.671125     -27.9783 
 0.687125     -26.9783 
 0.687125     -25.9783 
 0.687125     -25.9783 
 0.703125     -24.9783 
 0.718125     -23.9783 
 0.718125     -21.9783 
 0.734125     -20.9783 
 0.734125     -19.9783 
 0.749125     -19.9783 
 0.749125     -17.9783 
 0.765125     -16.9783 
 0.765125     -15.9783 
 0.781125     -14.9783 
 0.781125     -13.9783 
 0.796125     -12.9783 
 0.796125     -11.9783 
 0.812125     -10.9783 
 0.812125     -9.97826 
 0.828125     -7.97826 
 0.828125     -7.97826 
 0.843125     -5.97826 
 0.843125     -4.97826 
 0.859125     -3.97826 
 0.859125     -1.97826 
 0.874125     -1.97826 
 0.874125      0.0217438 
 0.890125      1.02174 
 0.890125      2.02174 
 0.906125      4.02174 
 0.906125      4.02174 
 0.921125      5.02174 
 0.921125      7.02174 
 0.937125      8.02174 
 0.937125      9.02174 
 0.953125      10.0217 
 0.953125      11.0217 
 0.968125      12.0217 
 0.968125      13.0217 
 0.984125      14.0217 
 0.999125      15.0217 
 0.999125      16.0217 
 1.01513       17.0217 
 1.01513       18.0217 
 1.03113       19.0217 
 1.03113       20.0217 
 1.04613       21.0217 
 1.04613       22.0217 
 1.06213       23.0217 
 1.06213       24.0217 
 1.07813       25.0217 
 1.07813       25.0217 
 1.09312       27.0217 
 1.09312       28.0217 
 1.10912       29.0217 
 1.10912       30.0217 
 1.12413       30.0217 
 1.12413       31.0217 
 1.14013       32.0217 
 1.14013       33.0217 
 1.15613       34.0217 
 1.15613       34.0217 
 1.17113       35.0217 
 1.17113       35.0217 
 1.18713       36.0217 
 1.18713       37.0217 
 1.20313       38.0217 
 1.20313       39.0217 
 1.21812       39.0217 
 1.21812       39.0217 
 1.23412       40.0217 
 1.23412       40.0217 
 1.24913       42.0217 
 1.24913       42.0217 
 1.26513       42.0217 
 1.26513       42.0217 
 1.28113       43.0217 
 1.28113       43.0217 
 1.29613       44.0217 
 1.29613       43.0217 
 1.31213       44.0217 
 1.32813       45.0217 
 1.32813       45.0217 
 1.32813       45.0217 
 1.34312       45.0217 
 1.35912       46.0217 
 1.35912       46.0217 
 1.35912       46.0217 
 1.37413       46.0217 
 1.39013       46.0217 
 1.39013       45.0217 
 1.40613       46.0217 
 1.40613       46.0217 
 1.42113       46.0217 
 1.42113       46.0217 
 1.43713       45.0217 
 1.43713       46.0217 
 1.45313       46.0217 
 1.45313       46.0217 
 1.46812       46.0217 
 1.46812       45.0217 
 1.48412       45.0217 
 1.48412       44.0217 
 1.49913       45.0217 
 1.49913       45.0217 
 1.51513       44.0217 
 1.51513       44.0217 
 1.53113       44.0217 
 1.53113       43.0217 
 1.54613       43.0217 
 1.54613       42.0217 
 1.56213       42.0217 
 1.56213       42.0217 
 1.57813       41.0217 
 1.57813       41.0217 
 1.59312       40.0217 
 1.59312       39.0217 
 1.60912       39.0217 
 1.60912       39.0217 
 1.62413       38.0217 
 1.62413       38.0217 
 1.64013       37.0217 
 1.65613       36.0217 
 1.65613       36.0217 
 1.67113       35.0217 
 1.67113       35.0217 
 1.68713       34.0217 
 1.68713       33.0217 
 1.70313       32.0217 
 1.70313       31.0217 
 1.70313       31.0217 
 1.71812       30.0217 
 1.73412       30.0217 
 1.73412       29.0217 
 1.74913       27.0217 
 1.74913       27.0217 
 1.76513       26.0217 
 1.76513       26.0217 
 1.78113       25.0217 
 1.78113       24.0217 
 1.79613       23.0217 
 1.79613       22.0217 
 1.81213       21.0217 
 1.81213       20.0217 
 1.82813       20.0217 
 1.82813       19.0217 
 1.84312       18.0217 
 1.84312       17.0217 
 1.85912       16.0217 
 1.85912       14.0217 
 1.87413       14.0217 
 1.87413       14.0217 
 1.89013       13.0217 
 1.89013       12.0217 
 1.90613       10.0217 
 1.90613       9.02174 
 1.92113       8.02174 
 1.92113       8.02174 
 1.93713       8.02174 
 1.93713       7.02174 
 1.95313       5.02174 
 1.95313       4.02174 
 1.96812       3.02174 
 1.96812       3.02174 
 1.98412       2.02174 
 1.98412       2.02174 
 1.99913       0.0217438 
 2.01512      -0.978256 
 2.01512      -1.97826 
 2.03112      -2.97826 
 2.03112      -2.97826 
 2.04613      -3.97826 
 2.04613      -4.97826 
 2.06213      -5.97826 
 2.06213      -6.97826 
 2.07813      -7.97826 
 2.07813      -7.97826 
 2.09313      -8.97826 
 2.09313      -9.97826 
 2.10913      -10.9783 
 2.10913      -11.9783 
 2.12412      -12.9783 
 2.12412      -12.9783 
 2.14012      -13.9783 
 2.14012      -14.9783 
 2.15612      -14.9783 
 2.15612      -15.9783 
 2.17113      -16.9783 
 2.17113      -17.9783 
 2.18713      -17.9783 
 2.18713      -17.9783 
 2.20313      -18.9783 
 2.20313      -19.9783 
 2.21813      -20.9783 
 2.21813      -21.9783 
 2.23413      -21.9783 
 2.23413      -21.9783 
 2.24912      -22.9783 
 2.24912      -22.9783 
 2.26512      -24.9783 
 2.26512      -24.9783 
 2.28112      -25.9783 
 2.28112      -25.9783 
 2.29613      -25.9783 
 2.29613      -26.9783 
 2.31213      -26.9783 
 2.31213      -27.9783 
 2.32813      -28.9783 
 2.32813      -28.9783 
 2.34313      -28.9783 
 2.35913      -29.9783 
 2.35913      -29.9783 
 2.37412      -30.9783 
 2.37412      -30.9783 
 2.39012      -31.9783 
 2.39012      -31.9783 
 2.40612      -31.9783 
 2.40612      -31.9783 
 2.42113      -31.9783 
 2.42113      -32.9783 
 2.43713      -32.9783 
 2.43713      -32.9783 
 2.45313      -32.9783 
 2.45313      -33.9783 
 2.46813      -32.9783 
 2.46813      -33.9783 
 2.48413      -33.9783 
 2.48413      -34.9783 
 2.49912      -34.9783 
 2.49912      -33.9783 
 2.51512      -34.9783 
 2.51512      -33.9783 
 2.53112      -34.9783 
 2.53112      -34.9783 
 2.54613      -34.9783 
 2.54613      -34.9783 
 2.56213      -34.9783 
 2.56213      -33.9783 
 2.57813      -34.9783 
 2.57813      -34.9783 
 2.59313      -34.9783 
 2.59313      -33.9783 
 2.60913      -33.9783 
 2.60913      -33.9783 
 2.62412      -33.9783 
 2.62412      -33.9783 
 2.64012      -32.9783 
 2.64012      -32.9783 
 2.65612      -32.9783 
 2.65612      -31.9783 
 2.67113      -29.9783 
 2.68713      -31.9783 
 2.68713      -31.9783 
 2.68713      -31.9783 
 2.70313      -30.9783 
 2.71813      -29.9783 
 2.71813      -29.9783 
 2.73413      -29.9783 
 2.73413      -29.9783 
 2.74912      -28.9783 
 2.74912      -28.9783 
 2.76512      -27.9783 
 2.76512      -27.9783 
 2.78112      -26.9783 
 2.78112      -26.9783 
 2.79613      -26.9783 
 2.79613      -25.9783 
 2.81213      -26.9783 
 2.81213      -24.9783 
 2.82813      -24.9783 
 2.82813      -24.9783 
 2.84313      -23.9783 
 2.84313      -22.9783 
 2.85913      -22.9783 
 2.85913      -21.9783 
 2.87412      -20.9783 
 2.87412      -19.9783 
 2.89012      -19.9783 
 2.89012      -19.9783 
 2.90612      -18.9783 
 2.90612      -18.9783 
 2.92113      -17.9783 
 2.92113      -16.9783 
 2.93713      -16.9783 
 2.93713      -15.9783 
 2.95313      -14.9783 
 2.95313      -14.9783 
 2.96813      -14.9783 
 2.96813      -12.9783 
 2.98413      -12.9783 
 2.98413      -11.9783 
 2.99912      -11.9783 
 3.01512      -10.9783 
 3.01512      -10.9783 
 3.03112      -9.97826 
 3.03112      -8.97826 
 3.04613      -7.97826 
 3.04613      -7.97826 
 3.06213      -6.97826 
 3.06213      -6.97826 
 3.07813      -5.97826 
 3.07813      -4.97826 
 3.09313      -4.97826 
 3.09313      -2.97826 
 3.10913      -2.97826 
 3.10913      -2.97826 
 3.12412      -1.97826 
 3.12412      -0.978256 
 3.14012       0.0217438 
 3.14012       1.02174 
 3.15612       0.0217438 
 3.15612       1.02174 
 3.17113       2.02174 
 3.17113       3.02174 
 3.18713       4.02174 
 3.18713       4.02174 
 3.20313       5.02174 
 3.20313       6.02174 
 3.21813       6.02174 
 3.21813       7.02174 
 3.23413       7.02174 
 3.23413       9.02174 
 3.24912       9.02174 
 3.24912       9.02174 
 3.26512       10.0217 
 3.26512       10.0217 
 3.28112       11.0217 
 3.28112       12.0217 
 3.29613       12.0217 
 3.29613       13.0217 
 3.31213       13.0217 
 3.32813       14.0217 
 3.32813       14.0217 
 3.34313       15.0217 
 3.34313       16.0217 
 3.34313       16.0217 
 3.35913       17.0217 
 3.35913       17.0217 
 3.37412       16.0217 
 3.39012       18.0217 
 3.39012       18.0217 
 3.40612       19.0217 
 3.40612       19.0217 
 3.42113       19.0217 
 3.42113       20.0217 
 3.43713       20.0217 
 3.43713       21.0217 
 3.45313       22.0217 
 3.45313       21.0217 
 3.46813       22.0217 
 3.46813       22.0217 
 3.48413       22.0217 
 3.48413       23.0217 
 3.49912       23.0217 
 3.49912       24.0217 
 3.51512       24.0217 
 3.51512       24.0217 
 3.53112       24.0217 
 3.53112       24.0217 
 3.54613       25.0217 
 3.54613       25.0217 
 3.56213       26.0217 
 3.56213       26.0217 
 3.57813       25.0217 
 3.57813       26.0217 
 3.59313       25.0217 
 3.59313       26.0217 
 3.60913       26.0217 
 3.60913       26.0217 
 3.62412       26.0217 
 3.62412       26.0217 
 3.64012       26.0217 
 3.64012       26.0217 
 3.65612       26.0217 
 3.67113       27.0217 
 3.67113       26.0217 
 3.67113       26.0217 
 3.68713       26.0217 
 3.68713       26.0217 
 3.70313       27.0217 
 3.71813       26.0217 
 3.71813       27.0217 
 3.73413       26.0217 
 3.73413       26.0217 
 3.74912       26.0217 
 3.74912       25.0217 
 3.76512       26.0217 
 3.76512       26.0217 
 3.78112       25.0217 
 3.78112       25.0217 
 3.79613       24.0217 
 3.79613       24.0217 
 3.81213       25.0217 
 3.81213       24.0217 
 3.82813       24.0217 
 3.82813       24.0217 
 3.84313       23.0217 
 3.84313       23.0217 
 3.85913       23.0217 
 3.85913       23.0217 
 3.87412       22.0217 
 3.87412       22.0217 
 3.89012       22.0217 
 3.89012       21.0217 
 3.90612       21.0217 
 3.90612       21.0217 
 3.92113       21.0217 
 3.92113       20.0217 
 3.93713       20.0217 
 3.93713       19.0217 
 3.95313       18.0217 
 3.95313       18.0217 
 3.96813       18.0217 
 3.96813       18.0217 
 3.98413       17.0217 
 3.98413       17.0217 
 3.99912       16.0217 
 4.01513       15.0217 
 4.01513       15.0217 
 4.01513       15.0217 
 4.03113       15.0217 
 4.04613       14.0217 
 4.04613       13.0217 
 4.06213       12.0217 
 4.06213       12.0217 
 4.07813       12.0217 
 4.07813       12.0217 
 4.09312       11.0217 
 4.09312       10.0217 
 4.10912       10.0217 
 4.10912       9.02174 
 4.12413       9.02174 
 4.12413       9.02174 
 4.14013       8.02174 
 4.14013       8.02174 
 4.15613       7.02174 
 4.15613       7.02174 
 4.17113       6.02174 
 4.17113       6.02174 
 4.18713       6.02174 
 4.18713       5.02174 
 4.20313       5.02174 
 4.20313       4.02174 
 4.21812       3.02174 
 4.21812       2.02174 
 4.23412       3.02174 
 4.23412       2.02174 
 4.24913       2.02174 
 4.24913       1.02174 
 4.26513       0.0217438 
 4.26513      -0.978256 
 4.28113      -0.978256 
 4.28113      -0.978256 
 4.29613      -1.97826 
 4.29613      -2.97826 
 4.31213      -2.97826 
 4.31213      -2.97826 
 4.32813      -3.97826 
 4.32813      -3.97826 
 4.34312      -4.97826 
 4.35912      -3.97826 
 4.35912      -5.97826 
 4.35912      -5.97826 
 4.37413      -6.97826 
 4.39013      -6.97826 
 4.39013      -6.97826 
 4.40613      -7.97826 
 4.40613      -8.97826 
 4.42113      -8.97826 
 4.42113      -9.97826 
 4.43713      -9.97826 
 4.43713      -9.97826 
 4.45313      -9.97826 
 4.45313      -10.9783 
 4.46812      -11.9783 
 4.46812      -11.9783 
 4.48412      -12.9783 
 4.48412      -12.9783 
 4.49913      -12.9783 
 4.49913      -12.9783 
 4.51513      -12.9783 
 4.51513      -13.9783 
 4.53113      -14.9783 
 4.53113      -14.9783 
 4.54613      -14.9783 
 4.54613      -14.9783 
 4.56213      -14.9783 
 4.56213      -15.9783 
 4.57813      -15.9783 
 4.57813      -16.9783 
 4.59312      -16.9783 
 4.59312      -16.9783 
 4.60912      -16.9783 
 4.60912      -16.9783 
 4.62413      -17.9783 
 4.62413      -17.9783 
 4.64013      -17.9783 
 4.64013      -17.9783 
 4.65613      -17.9783 
 4.65613      -17.9783 
 4.67113      -18.9783 
 4.68713      -17.9783 
 4.68713      -18.9783 
 4.68713      -18.9783 
 4.70313      -18.9783 
 4.70313      -18.9783 
 4.71812      -18.9783 
 4.73412      -19.9783 
 4.73412      -19.9783 
 4.74913      -19.9783 
 4.74913      -18.9783 
 4.76513      -18.9783 
 4.76513      -18.9783 
 4.78113      -19.9783 
 4.78113      -19.9783 
 4.79613      -19.9783 
 4.79613      -19.9783 
 4.81213      -18.9783 
 4.81213      -18.9783 
 4.82813      -18.9783 
 4.82813      -18.9783 
 4.84312      -19.9783 
 4.84312      -19.9783 
 4.85912      -18.9783 
 4.85912      -18.9783 
 4.87413      -18.9783 
 4.87413      -18.9783 
 4.89013      -18.9783 
 4.89013      -18.9783 
 4.90613      -18.9783 
 4.90613      -17.9783 
 4.92113      -17.9783 
 4.92113      -17.9783 
 4.93713      -17.9783 
 4.93713      -17.9783 
 4.95313      -17.9783 
 4.95313      -17.9783 
 4.96812      -17.9783 
 4.96812      -16.9783 
 4.98412      -16.9783 
 4.98412      -17.9783 
 4.99913      -16.9783 
 4.99913      -16.9783 
 5.01513      -15.9783 
 5.01513      -15.9783 
 5.03113      -15.9783 
 5.03113      -15.9783 
 5.04613      -15.9783 
 5.06213      -15.9783 
 5.06213      -14.9783 
 5.07813      -14.9783 
 5.07813      -13.9783 
 5.09312      -14.9783 
 5.09312      -13.9783 
 5.10912      -13.9783 
 5.10912      -13.9783 
 5.12413      -12.9783 
 5.12413      -13.9783 
 5.14013      -11.9783 
 5.14013      -11.9783 
 5.15613      -12.9783 
 5.15613      -11.9783 
 5.17113      -10.9783 
 5.17113      -10.9783 
 5.18713      -10.9783 
 5.18713      -10.9783 
 5.20313      -9.97826 
 5.20313      -9.97826 
 5.21812      -9.97826 
 5.21812      -8.97826 
 5.23412      -8.97826 
 5.23412      -7.97826 
 5.24913      -7.97826 
 5.24913      -7.97826 
 5.26513      -6.97826 
 5.26513      -6.97826 
 5.28113      -5.97826 
 5.28113      -5.97826 
 5.29613      -5.97826 
 5.29613      -5.97826 
 5.31213      -4.97826 
 5.31213      -4.97826 
 5.32813      -3.97826 
 5.32813      -3.97826 
 5.34312      -2.97826 
 5.34312      -2.97826 
 5.35912      -2.97826 
 5.37413      -1.97826 
 5.37413      -1.97826 
 5.39013      -0.978256 
 5.39013      -0.978256 
 5.40613       0.0217438 
 5.40613       0.0217438 
 5.42113      -0.978256 
 5.42113       0.0217438 
 5.43713       1.02174 
 5.43713       2.02174 
 5.45313       2.02174 
 5.45313       2.02174 
 5.46812       2.02174 
 5.46812       2.02174 
 5.48412       3.02174 
 5.48412       3.02174 
 5.49913       4.02174 
 5.49913       4.02174 
 5.51513       3.02174 
 5.51513       5.02174 
 5.53113       4.02174 
 5.53113       6.02174 
 5.54613       6.02174 
 5.54613       5.02174 
 5.56213       6.02174 
 5.56213       6.02174 
 5.57813       7.02174 
 5.57813       7.02174 
 5.59312       7.02174 
 5.59312       8.02174 
 5.60912       8.02174 
 5.60912       8.02174 
 5.62413       9.02174 
 5.62413       8.02174 
 5.64013       9.02174 
 5.64013       10.0217 
 5.65613       10.0217 
 5.65613       10.0217 
 5.67113       10.0217 
 5.67113       10.0217 
 5.68713       10.0217 
 5.70313       11.0217 
 5.70313       11.0217 
 5.71812       10.0217 
 5.71812       12.0217 
 5.73412       11.0217 
 5.73412       12.0217 
 5.74913       12.0217 
 5.74913       12.0217 
 5.76513       13.0217 
 5.76513       12.0217 
 5.78113       13.0217 
 5.78113       13.0217 
 5.79613       12.0217 
 5.79613       13.0217 
 5.81213       13.0217 
 5.81213       14.0217 
 5.82813       14.0217 
 5.82813       12.0217 
 5.84312       13.0217 
 5.84312       14.0217 
 5.85912       14.0217 
 5.85912       14.0217 
 5.87413       13.0217 
 5.87413       14.0217 
 5.89013       13.0217 
 5.89013       14.0217 
 5.90613       14.0217 
 5.90613       14.0217 
 5.92113       14.0217 
 5.92113       14.0217 
 5.93713       14.0217 
 5.93713       14.0217 
 5.95313       13.0217 
 5.95313       15.0217 
 5.96812       14.0217 
 5.96812       14.0217 
 5.98412       14.0217 
 5.99913       13.0217 
 5.99913       14.0217 
 5.99913       14.0217 
 6.01513       14.0217 
 6.01513       14.0217 
 6.03113       13.0217 
 6.04613       14.0217 
 6.04613       13.0217 
 6.06213       13.0217 
 6.06213       14.0217 
 6.07813       13.0217 
 6.07813       13.0217 
 6.09312       13.0217 
 6.09312       13.0217 
 6.10912       13.0217 
 6.10912       12.0217 
 6.12413       13.0217 
 6.12413       13.0217 
 6.14013       13.0217 
 6.14013       12.0217 
 6.15613       11.0217 
 6.15613       12.0217 
 6.17113       12.0217 
 6.17113       12.0217 
 6.18713       12.0217 
 6.18713       10.0217 
 6.20313       11.0217 
 6.20313       10.0217 
 6.21812       10.0217 
 6.21812       10.0217 
 6.23412       10.0217 
 6.23412       10.0217 
 6.24913       9.02174 
 6.24913       9.02174 
 6.26513       9.02174 
 6.26513       9.02174 
 6.28113       9.02174 
 6.28113       9.02174 
 6.29613       8.02174 
 6.29613       8.02174 
 6.31213       8.02174 
 6.31213       8.02174 
 6.32813       8.02174 
 6.34312       7.02174 
 6.34312       7.02174 
 6.35912       6.02174 
 6.35912       7.02174 
 6.37413       6.02174 
 6.37413       6.02174 
 6.37413       6.02174 
 6.39013       6.02174 
 6.40613       5.02174 
 6.40613       5.02174 
 6.42113       4.02174 
 6.42113       4.02174 
 6.43713       4.02174 
 6.43713       4.02174 
 6.45313       4.02174 
 6.45313       3.02174 
 6.46812       3.02174 
 6.46812       2.02174 
 6.48412       3.02174 
 6.48412       3.02174 
 6.49913       2.02174 
 6.49913       2.02174 
 6.51513       1.02174 
 6.51513       1.02174 
 6.53113       0.0217438 
 6.53113       1.02174 
 6.54613       1.02174 
 6.54613       1.02174 
 6.56213       0.0217438 
 6.56213      -0.978256 
 6.57813      -0.978256 
 6.57813      -0.978256 
 6.59312      -0.978256 
 6.59312      -0.978256 
 6.60912      -1.97826 
 6.60912      -1.97826 
 6.62413      -2.97826 
 6.62413      -2.97826 
 6.64013      -1.97826 
 6.64013      -2.97826 
 6.65613      -2.97826 
 6.67113      -3.97826 
 6.67113      -3.97826 
 6.67113      -3.97826 
 6.68713      -3.97826 
 6.68713      -3.97826 
 6.70313      -3.97826 
 6.70313      -3.97826 
 6.71812      -4.97826 
 6.73412      -4.97826 
 6.73412      -5.97826 
 6.74913      -5.97826 
 6.74913      -4.97826 
 6.76513      -5.97826 
 6.76513      -5.97826 
 6.78113      -5.97826 
 6.78113      -6.97826 
 6.79613      -5.97826 
 6.79613      -6.97826 
 6.81213      -6.97826 
 6.81213      -6.97826 
 6.82813      -7.97826 
 6.82813      -7.97826 
 6.84312      -7.97826 
 6.84312      -7.97826 
 6.85912      -7.97826 
 6.85912      -7.97826 
 6.87413      -7.97826 
 6.87413      -8.97826 
 6.89013      -8.97826 
 6.89013      -8.97826 
 6.90613      -8.97826 
 6.90613      -8.97826 
 6.92113      -8.97826 
 6.92113      -8.97826 
 6.93713      -9.97826 
 6.93713      -9.97826 
 6.95313      -8.97826 
 6.95313      -8.97826 
 6.96812      -8.97826 
 6.96812      -9.97826 
 6.98412      -9.97826 
 6.98412      -9.97826 
 6.99913      -9.97826 
 6.99913      -9.97826 
 7.01513      -9.97826 
 7.01513      -9.97826 
 7.03113      -10.9783 
 7.04613      -9.97826 
 7.04613      -10.9783 
 7.06213      -9.97826 
 7.06213      -9.97826 
 7.07813      -10.9783 
 7.07813      -9.97826 
 7.09312      -9.97826 
 7.09312      -10.9783 
 7.10912      -9.97826 
 7.10912      -9.97826 
 7.12413      -9.97826 
 7.12413      -9.97826 
 7.14013      -9.97826 
 7.14013      -9.97826 
 7.15613      -9.97826 
 7.15613      -9.97826 
 7.17113      -9.97826 
 7.17113      -9.97826 
 7.18713      -9.97826 
 7.18713      -9.97826 
 7.20313      -9.97826 
 7.20313      -9.97826 
 7.21812      -8.97826 
 7.21812      -9.97826 
 7.23412      -8.97826 
 7.23412      -8.97826 
 7.24913      -9.97826 
 7.24913      -8.97826 
 7.26513      -8.97826 
 7.26513      -7.97826 
 7.28113      -7.97826 
 7.28113      -7.97826 
 7.29613      -8.97826 
 7.29613      -8.97826 
 7.31213      -7.97826 
 7.31213      -7.97826 
 7.32813      -7.97826 
 7.34312      -6.97826 
 7.34312      -7.97826 
 7.35912      -6.97826 
 7.35912      -7.97826 
 7.37413      -6.97826 
 7.37413      -6.97826 
 7.37413      -6.97826 
 7.39013      -5.97826 
 7.40613      -6.97826 
 7.40613      -6.97826 
 7.42113      -5.97826 
 7.42113      -5.97826 
 7.43713      -4.97826 
 7.43713      -4.97826 
 7.45313      -5.97826 
 7.45313      -4.97826 
 7.46812      -5.97826 
 7.46812      -4.97826 
 7.48412      -4.97826 
 7.48412      -4.97826 
 7.49913      -3.97826 
 7.49913      -4.97826 
 7.51513      -3.97826 
 7.51513      -3.97826 
 7.53113      -3.97826 
 7.53113      -2.97826 
 7.54613      -2.97826 
 7.54613      -2.97826 
 7.56213      -2.97826 
 7.56213      -2.97826 
 7.57813      -2.97826 
 7.57813      -1.97826 
 7.59312      -1.97826 
 7.59312      -1.97826 
 7.60912      -1.97826 
 7.60912      -1.97826 
 7.62413      -1.97826 
 7.62413      -1.97826 
 7.64013      -0.978256 
 7.64013      -0.978256 
 7.65613      -0.978256 
 7.65613      -0.978256 
 7.67113      -0.978256 
 7.67113      -0.978256 
 7.68713       0.0217438 
 7.68713       0.0217438 
 7.70313       1.02174 
 7.71812       0.0217438 
 7.71812       0.0217438 
 7.73412       0.0217438 
 7.73412       1.02174 
 7.74913       2.02174 
 7.74913       1.02174 
 7.76513       1.02174 
 7.76513       1.02174 
 7.78113       1.02174 
 7.78113       2.02174 
 7.79613       2.02174 
 7.79613       2.02174 
 7.81213       3.02174 
 7.81213       2.02174 
 7.82813       3.02174 
 7.82813       3.02174 
 7.84312       3.02174 
 7.84312       3.02174 
 7.85912       3.02174 
 7.85912       4.02174 
 7.87413       3.02174 
 7.87413       3.02174 
 7.89013       3.02174 
 7.89013       4.02174 
 7.90613       4.02174 
 7.90613       4.02174 
 7.92113       4.02174 
 7.92113       4.02174 
 7.93713       4.02174 
 7.93713       5.02174 
 7.95313       4.02174 
 7.95313       5.02174 
 7.96812       5.02174 
 7.96812       5.02174 
 7.98412       5.02174 
 7.98412       5.02174 
 7.99913       5.02174 
 7.99913       5.02174 
 8.01512       6.02174 
 8.01512       6.02174 
 8.03112       5.02174 
 8.03112       5.02174 
 8.04613       5.02174 
 8.06213       6.02174 
 8.06213       6.02174 
 8.07813       5.02174 
 8.07813       6.02174 
 8.09313       5.02174 
 8.09313       6.02174 
 8.10913       6.02174 
 8.10913       5.02174 
 8.12412       6.02174 
 8.12412       6.02174 
 8.14012       6.02174 
 8.14012       6.02174 
 8.15612       5.02174 
 8.15612       6.02174 
 8.17113       6.02174 
 8.17113       6.02174 
 8.18713       6.02174 
 8.18713       6.02174 
 8.20313       6.02174 
 8.20313       6.02174 
 8.21813       6.02174 
 8.21813       7.02174 
 8.23413       6.02174 
 8.23413       6.02174 
 8.24912       6.02174 
 8.24912       6.02174 
 8.26512       6.02174 
 8.26512       6.02174 
 8.28112       6.02174 
 8.28112       6.02174 
 8.29613       6.02174 
 8.29613       6.02174 
 8.31213       6.02174 
 8.31213       6.02174 
 8.32813       6.02174 
 8.32813       6.02174 
 8.34313       6.02174 
 8.35913       5.02174 
 8.35913       5.02174 
 8.37412       6.02174 
 8.37412       6.02174 
 8.37412       6.02174 
 8.39012       5.02174 
 8.40612       5.02174 
 8.40612       5.02174 
 8.42113       5.02174 
 8.42113       6.02174 
 8.43713       5.02174 
 8.43713       5.02174 
 8.45313       5.02174 
 8.45313       5.02174 
 8.46813       4.02174 
 8.46813       5.02174 
 8.48413       5.02174 
 8.48413       5.02174 
 8.49912       5.02174 
 8.49912       4.02174 
 8.51512       4.02174 
 8.51512       4.02174 
 8.53112       4.02174 
 8.53112       4.02174 
 8.54613       4.02174 
 8.54613       5.02174 
 8.56213       4.02174 
 8.56213       3.02174 
 8.57813       4.02174 
 8.57813       3.02174 
 8.59313       4.02174 
 8.59313       3.02174 
 8.60913       3.02174 
 8.60913       3.02174 
 8.62412       2.02174 
 8.62412       3.02174 
 8.64012       3.02174 
 8.64012       3.02174 
 8.65612       2.02174 
 8.65612       2.02174 
 8.67113       2.02174 
 8.67113       2.02174 
 8.68713       2.02174 
 8.70313       1.02174 
 8.70313       2.02174 
 8.71813       1.02174 
 8.71813       1.02174 
 8.73413       1.02174 
 8.73413       2.02174 
 8.74912       1.02174 
 8.74912       0.0217438 
 8.76512       1.02174 
 8.76512       1.02174 
 8.78112       0.0217438 
 8.78112       1.02174 
 8.79613       1.02174 
 8.79613       1.02174 
 8.81213       0.0217438 
 8.81213       0.0217438 
 8.82813       0.0217438 
 8.82813       0.0217438 
 8.84313       0.0217438 
 8.84313       0.0217438 
 8.85913       0.0217438 
 8.85913       0.0217438 
 8.87412      -0.978256 
 8.87412      -0.978256 
 8.89012      -0.978256 
 8.89012      -0.978256 
 8.90612      -0.978256 
 8.90612      -0.978256 
 8.92113      -0.978256 
 8.92113      -1.97826 
 8.93713      -1.97826 
 8.93713      -0.978256 
 8.95313      -1.97826 
 8.95313      -0.978256 
 8.96813      -1.97826 
 8.96813      -1.97826 
 8.98413      -1.97826 
 8.99912      -2.97826 
 8.99912      -1.97826 
 8.99912      -1.97826 
 9.01512      -1.97826 
 9.01512      -1.97826 
 9.03112      -1.97826 
 9.04613      -2.97826 
 9.04613      -1.97826 
 9.06213      -1.97826 
 9.06213      -1.97826 
 9.07813      -1.97826 
 9.07813      -2.97826 
 9.09313      -2.97826 
 9.09313      -2.97826 
 9.10913      -2.97826 
 9.10913      -2.97826 
 9.12412      -2.97826 
 9.12412      -3.97826 
 9.14012      -2.97826 
 9.14012      -2.97826 
 9.15612      -2.97826 
 9.15612      -2.97826 
 9.17113      -2.97826 
 9.17113      -3.97826 
 9.18713      -2.97826 
 9.18713      -3.97826 
 9.20313      -3.97826 
 9.20313      -2.97826 
 9.21813      -2.97826 
 9.21813      -2.97826 
 9.23413      -3.97826 
 9.23413      -3.97826 
 9.24912      -3.97826 
 9.24912      -2.97826 
 9.26512      -2.97826 
 9.26512      -2.97826 
 9.28112      -2.97826 
 9.28112      -3.97826 
 9.29613      -3.97826 
 9.29613      -3.97826 
 9.31213      -2.97826 
 9.31213      -2.97826 
 9.32813      -2.97826 
 9.34313      -3.97826 
 9.34313      -3.97826 
 9.34313      -3.97826 
 9.35913      -2.97826 
 9.37412      -3.97826 
 9.37412      -2.97826 
 9.39012      -3.97826 
 9.39012      -3.97826 
 9.40612      -3.97826 
 9.40612      -3.97826 
 9.42113      -2.97826 
 9.42113      -2.97826 
 9.43713      -3.97826 
 9.43713      -2.97826 
 9.45313      -2.97826 
 9.45313      -3.97826 
 9.46813      -2.97826 
 9.46813      -3.97826 
 9.48413      -2.97826 
 9.48413      -3.97826 
 9.49912      -2.97826 
 9.49912      -2.97826 
 9.51512      -2.97826 
 9.51512      -2.97826 
 9.53112      -2.97826 
 9.53112      -2.97826 
 9.54613      -2.97826 
 9.54613      -2.97826 
 9.56213      -2.97826 
 9.56213      -2.97826 
 9.57813      -2.97826 
 9.57813      -2.97826 
 9.59313      -2.97826 
 9.59313      -2.97826 
 9.60913      -2.97826 
 9.60913      -2.97826 
 9.62412      -1.97826 
 9.62412      -1.97826 
 9.64012      -1.97826 
 9.64012      -1.97826 
 9.65612      -1.97826 
 9.67113      -2.97826 
 9.67113      -0.978256 
 9.68713      -1.97826 
 9.68713      -1.97826 
 9.68713      -1.97826 
 9.70313      -2.97826 
 9.71813      -1.97826 
 9.71813      -1.97826 
 9.73413      -1.97826 
 9.73413      -1.97826 
 9.74912      -1.97826 
 9.74912      -1.97826 
 9.76512      -1.97826 
 9.76512      -1.97826 
 9.78112      -2.97826 
 9.78112      -0.978256 
 9.79613      -1.97826 
 9.79613      -0.978256 
 9.81213      -1.97826 
 9.81213      -1.97826 
 9.82813      -1.97826 
 9.82813      -1.97826 
 9.84313      -0.978256 
 9.84313      -0.978256 
 9.85913      -0.978256 
 9.85913      -0.978256 
 9.87412      -0.978256 
 9.87412      -0.978256 
 9.89012      -0.978256 
 9.89012      -0.978256 
 9.90612       0.0217438 
 9.90612      -0.978256 
 9.92113      -0.978256 
 9.92113      -0.978256 
 9.93713       0.0217438 
 9.93713       0.0217438 
 9.95313       0.0217438 
 9.95313       0.0217438 
 9.96813       0.0217438 
 9.96813      -0.978256 
 9.98413      -0.978256 
 9.99912       1.02174 
 9.99912       0.0217438 
 9.99912       0.0217438 
 10.0151       0.0217438 
 10.0151       0.0217438 
 10.0311      -0.978256 
 10.0461       0.0217438 
 10.0461       0.0217438 
 10.0621       0.0217438 
 10.0621       0.0217438 
 10.0781       0.0217438 
 10.0781       0.0217438 
 10.0931       0.0217438 
 10.0931       0.0217438 
 10.1091       0.0217438 
 10.1091       1.02174 
 10.1241       1.02174 
 10.1241       0.0217438 
 10.1401       0.0217438 
 10.1401       1.02174 
 10.1561       1.02174 
 10.1561       1.02174 
 10.1711       1.02174 
 10.1711       0.0217438 
 10.1871       0.0217438 
 10.1871       0.0217438 
 10.2031       1.02174 
 10.2031       1.02174 
 10.2181       1.02174 
 10.2181       1.02174 
 10.2341       0.0217438 
 10.2341       0.0217438 
 10.2491       0.0217438 
 10.2491       1.02174 
 10.2651       1.02174 
 10.2651       1.02174 
 10.2811       1.02174 
 10.2811       1.02174 
 10.2961       1.02174 
 10.2961       1.02174 
 10.3121       1.02174 
 10.3121       1.02174 
 10.3281       1.02174 
 10.3281       1.02174 
 10.3431       1.02174 
 10.3431       1.02174 
 10.3591       1.02174 
 10.3591       1.02174 
 10.3741       1.02174 
 10.3901       1.02174 
 10.3901       2.02174 
 10.4061       1.02174 
 10.4061       1.02174 
 10.4211       1.02174 
 10.4211       1.02174 
 10.4371       2.02174 
 10.4371       1.02174 
 10.4531       0.0217438 
 10.4531       1.02174 
 10.4681       1.02174 
 10.4681       1.02174 
 10.4841       1.02174 
 10.4841       1.02174 
 10.4991       1.02174 
 10.4991       1.02174 
 10.5151       1.02174 
 10.5151       1.02174 
 10.5311       1.02174 
 10.5311       1.02174 
 10.5461       1.02174 
 10.5461       0.0217438 
 10.5621       1.02174 
 10.5621       1.02174 
 10.5781       1.02174 
 10.5781       1.02174 
 10.5931       1.02174 
 10.5931       1.02174 
 10.6091       1.02174 
 10.6091       1.02174 
 10.6241       1.02174 
 10.6241       1.02174 
 10.6401       1.02174 
 10.6401       1.02174 
 10.6561       1.02174 
 10.6711       0.0217438 
 10.6711       3.02174 
 10.6871       1.02174 
 10.6871       1.02174 
 10.6871       1.02174 
 10.7031       1.02174 
 10.7181       0.0217438 
 10.7181       1.02174 
 10.7341       1.02174 
 10.7341       1.02174 
 10.7491       1.02174 
 10.7491       0.0217438 
 10.7651       1.02174 
 10.7651       1.02174 
 10.7811       1.02174 
 10.7811       1.02174 
 10.7961       0.0217438 
 10.7961       1.02174 
 10.8121       0.0217438 
 10.8121       0.0217438 
 10.8281       1.02174 
 10.8281       1.02174 
 10.8431       1.02174 
 10.8431       1.02174 
 10.8591       0.0217438 
 10.8591       1.02174 
 10.8741       0.0217438 
 10.8741       1.02174 
 10.8901       1.02174 
 10.8901       1.02174 
 10.9061       1.02174 
 10.9061       1.02174 
 10.9211       0.0217438 
 10.9211       0.0217438 
 10.9371       1.02174 
 10.9371       1.02174 
 10.9531       1.02174 
 10.9531       1.02174 
 10.9681       0.0217438 
 10.9681       0.0217438 
 10.9841       1.02174 
 10.9841       1.02174 
 10.9991       1.02174 
 10.9991       1.02174 
 11.0151       0.0217438 
 11.0151       0.0217438 
 11.0311       0.0217438 
 11.0461       1.02174 
 11.0461       1.02174 
 11.0621       1.02174 
 11.0621       1.02174 
 11.0781       0.0217438 
 11.0781       0.0217438 
 11.0931       1.02174 
 11.0931       1.02174 
 11.1091       1.02174 
 11.1091       1.02174 
 11.1241       1.02174 
 11.1241       1.02174 
 11.1401       0.0217438 
 11.1401       1.02174 
 11.1561       1.02174 
 11.1561       1.02174 
 11.1711       0.0217438 
 11.1711       1.02174 
 11.1871       0.0217438 
 11.1871       1.02174 
 11.2031       1.02174 
 11.2031       1.02174 
 11.2181       0.0217438 
 11.2181       0.0217438 
 11.2341       1.02174 
 11.2341       0.0217438 
 11.2491       1.02174 
 11.2491       1.02174 
 11.2651       1.02174 
 11.2651       1.02174 
 11.2811       0.0217438 
 11.2811       0.0217438 
 11.2961       1.02174 
 11.2961       1.02174 
 11.3121       1.02174 
 11.3121       1.02174 
 11.3281       0.0217438 
 11.3431       1.02174 
 11.3431       0.0217438 
 11.3591       1.02174 
 11.3591       1.02174 
 11.3591       1.02174 
 11.3741       1.02174 
 11.3901       1.02174 
 11.3901       0.0217438 
 11.4061       0.0217438 
 11.4061       1.02174 
 11.4211       1.02174 
 11.4211       1.02174 
 11.4371       0.0217438 
 11.4371       0.0217438 
 11.4531       0.0217438 
 11.4531       1.02174 
 11.4681       1.02174 
 11.4681       1.02174 
 11.4841       1.02174 
 11.4841       1.02174 
 11.4991       0.0217438 
 11.4991       0.0217438 
 11.5151       1.02174 
 11.5151       1.02174 
 11.5311       1.02174 
 11.5311       0.0217438 
 11.5461       1.02174 
 11.5461       0.0217438 
 11.5621       1.02174 
 11.5621       0.0217438 
 11.5781       1.02174 
 11.5781       1.02174 
 11.5931       1.02174 
 11.5931       1.02174 
 11.6091       0.0217438 
 11.6091       1.02174 
 11.6241       1.02174 
 11.6241       1.02174 
 11.6401       1.02174 
 11.6401       0.0217438 
 11.6561       0.0217438 
 11.6711       1.02174 
 11.6711       1.02174 
 11.6711       1.02174 
 11.6871       1.02174 
 11.7031       0.0217438 
 11.7031       1.02174 
 11.7181       0.0217438 
 11.7181       1.02174 
 11.7341       1.02174 
 11.7341       1.02174 
 11.7491       1.02174 
 11.7491       1.02174 
 11.7651       0.0217438 
 11.7651       1.02174 
 11.7811       1.02174 
 11.7811       1.02174 
 11.7961       1.02174 
 11.7961       1.02174 
 11.8121       0.0217438 
 11.8121       0.0217438 
 11.8281       1.02174 
 11.8281       1.02174 
 11.8431       1.02174 
 11.8431       1.02174 
 11.8591       1.02174 
 11.8591       0.0217438 
 11.8741       1.02174 
 11.8741       1.02174 
 11.8901       1.02174 
 11.8901       1.02174 
 11.9061       0.0217438 
 11.9061       0.0217438 
 11.9211       1.02174 
 11.9211       1.02174 
 11.9371       1.02174 
 11.9371       1.02174 
 11.9531       1.02174 
 11.9531       1.02174 
 11.9681       0.0217438 
 11.9681       0.0217438 
 11.9841       1.02174 
 11.9841       1.02174 
 11.9991       1.02174 
 12.0151       0.0217438 
 12.0151       1.02174 
 12.0311       0.0217438 
 12.0311       2.02174 
 12.0461       1.02174 
 12.0461       1.02174 
 12.0621       1.02174 
 12.0621       0.0217438 
 12.0781       1.02174 
 12.0781       0.0217438 
 12.0931       1.02174 
 12.0931       1.02174 
 12.1091       1.02174 
 12.1091       1.02174 
 12.1241       1.02174 
 12.1241       0.0217438 
 12.1401       1.02174 
 12.1401       1.02174 
 12.1561       1.02174 
 12.1561       1.02174 
 12.1711       0.0217438 
 12.1711       0.0217438 
 12.1871       0.0217438 
 12.1871       0.0217438 
 12.2031       1.02174 
 12.2031       0.0217438 
 12.2181       1.02174 
 12.2181       1.02174 
 12.2341       0.0217438 
 12.2341       1.02174 
 12.2491       1.02174 
 12.2491       1.02174 
 12.2651       1.02174 
 12.2651       1.02174 
 12.2811       0.0217438 
 12.2811       0.0217438 
 12.2961       1.02174 
 12.2961       1.02174 
 12.3121       1.02174 
 12.3121       1.02174 
 12.3281       0.0217438 
 12.3281       0.0217438 
 12.3431       1.02174 
 12.3431       1.02174 
 12.3591       1.02174 
 12.3591       1.02174 
 12.3741       1.02174 
 12.3901       0.0217438 
 12.3901       0.0217438 
 12.4061       1.02174 
 12.4061       0.0217438 
 12.4211       1.02174 
 12.4211       1.02174 
 12.4371       1.02174 
 12.4371       0.0217438 
 12.4531       0.0217438 
 12.4531       1.02174 
 12.4681       1.02174 
 12.4681       1.02174 
 12.4841       1.02174 
 12.4841       0.0217438 
 12.4991       0.0217438 
 12.4991       1.02174 
 12.5151       1.02174 
 12.5151       1.02174 
 12.5311       1.02174 
 12.5311       0.0217438 
 12.5461       0.0217438 
 12.5461       1.02174 
 12.5621       1.02174 
 12.5621       1.02174 
 12.5781       1.02174 
 12.5781       0.0217438 
 12.5931       0.0217438 
 12.5931       0.0217438 
 12.6091       1.02174 
 12.6091       1.02174 
 12.6241       1.02174 
 12.6241       1.02174 
 12.6401       1.02174 
 12.6401       0.0217438 
 12.6561       0.0217438 
 12.6711       1.02174 
 12.6711       1.02174 
 12.6711       1.02174 
 12.6871       1.02174 
 12.6871       1.02174 
 12.7031       0.0217438 
 12.7181       1.02174 
 12.7181       1.02174 
 12.7341       1.02174 
 12.7341       1.02174 
 12.7491       0.0217438 
 12.7491       0.0217438 
 12.7651       0.0217438 
 12.7651       1.02174 
 12.7811       1.02174 
 12.7811       1.02174 
 12.7961       1.02174 
 12.7961       1.02174 
 12.8121       0.0217438 
 12.8121       1.02174 
 12.8281       1.02174 
 12.8281       1.02174 
 12.8431       1.02174 
 12.8431       0.0217438 
 12.8591       0.0217438 
 12.8591       0.0217438 
 12.8741       1.02174 
 12.8741       1.02174 
 12.8901       1.02174 
 12.8901       1.02174 
 12.9061       1.02174 
 12.9061       1.02174 
 12.9211       1.02174 
 12.9211       0.0217438 
 12.9371       1.02174 
 12.9371       1.02174 
 12.9531       0.0217438 
 12.9531       1.02174 
 12.9681       0.0217438 
 12.9681       1.02174 
 12.9841       0.0217438 
 12.9991       1.02174 
 12.9991       1.02174 
 12.9991       1.02174 
 13.0151       0.0217438 
 13.0311       1.02174 
 13.0311       1.02174 
 13.0311       1.02174 
 13.0461       1.02174 
 13.0621       1.02174 
 13.0621       0.0217438 
 13.0781       0.0217438 
 13.0781       1.02174 
 13.0931       1.02174 
 13.0931       1.02174 
 13.1091       1.02174 
 13.1091       1.02174 
 13.1241       0.0217438 
 13.1241       0.0217438 
 13.1401       1.02174 
 13.1401       1.02174 
 13.1561       1.02174 
 13.1561       0.0217438 
 13.1711       1.02174 
 13.1711       1.02174 
 13.1871       1.02174 
 13.1871       1.02174 
 13.2031       1.02174 
 13.2031       0.0217438 
 13.2181       0.0217438 
 13.2181       0.0217438 
 13.2341       0.0217438 
 13.2341       1.02174 
 13.2491       1.02174 
 13.2491       1.02174 
 13.2651       1.02174 
 13.2651       1.02174 
 13.2811       0.0217438 
 13.2811       1.02174 
 13.2961       1.02174 
 13.2961       1.02174 
 13.3121       0.0217438 
 13.3121       1.02174 
 13.3281       0.0217438 
 13.3281       0.0217438 
 13.3431       1.02174 
 13.3431       1.02174 
 13.3591       1.02174 
 13.3741       0.0217438 
 13.3741       0.0217438 
 13.3901       1.02174 
 13.3901       1.02174 
 13.4061       1.02174 
 13.4061       1.02174 
 13.4211       1.02174 
 13.4211       0.0217438 
 13.4371       0.0217438 
 13.4371       0.0217438 
 13.4531       0.0217438 
 13.4531       1.02174 
 13.4681       1.02174 
 13.4681       1.02174 
 13.4841       1.02174 
 13.4841       0.0217438 
 13.4991       1.02174 
 13.4991       1.02174 
 13.5151       1.02174 
 13.5151       0.0217438 
 13.5311       1.02174 
 13.5311       1.02174 
 13.5461       0.0217438 
 13.5461       1.02174 
 13.5621       1.02174 
 13.5621       0.0217438 
 13.5781       1.02174 
 13.5781       1.02174 
 13.5931       0.0217438 
 13.5931       1.02174 
 13.6091       1.02174 
 13.6091       1.02174 
 13.6241       1.02174 
 13.6241       0.0217438 
 13.6401       0.0217438 
 13.6401       0.0217438 
 13.6561       1.02174 
 13.6561       1.02174 
 13.6711       0.0217438 
 13.6871       1.02174 
 13.6871       0.0217438 
 13.6871       0.0217438 
 13.7031       0.0217438 
 13.7181       1.02174 
 13.7181       1.02174 
 13.7341       1.02174 
 13.7341       0.0217438 
 13.7491       1.02174 
 13.7491       0.0217438 
 13.7651       1.02174 
 13.7651       1.02174 
 13.7811       1.02174 
 13.7811       1.02174 
 13.7961       0.0217438 
 13.7961       0.0217438 
 13.8121       1.02174 
 13.8121       1.02174 
 13.8281       1.02174 
 13.8281       1.02174 
 13.8431       1.02174 
 13.8431       0.0217438 
 13.8591       0.0217438 
 13.8591       0.0217438 
 13.8741       1.02174 
 13.8741       1.02174 
 13.8901       1.02174 
 13.8901       0.0217438 
 13.9061       0.0217438 
 13.9061       1.02174 
 13.9211       1.02174 
 13.9211       0.0217438 
 13.9371       1.02174 
 13.9371       1.02174 
 13.9531       1.02174 
 13.9531       0.0217438 
 13.9681       1.02174 
 13.9681       1.02174 
 13.9841       1.02174 
 13.9841       1.02174 
 13.9991       1.02174 
 14.0151       0.0217438 
 14.0151       0.0217438 
 14.0311       1.02174 
 14.0311       1.02174 
 14.0311       1.02174 
 14.0461       1.02174 
 14.0621       1.02174 
 14.0621       0.0217438 
 14.0781       1.02174 
 14.0781       1.02174 
 14.0931       0.0217438 
 14.0931       1.02174 
 14.1091       1.02174 
 14.1091       0.0217438 
 14.1241       0.0217438 
 14.1241       1.02174 
 14.1401       1.02174 
 14.1401       1.02174 
 14.1561       0.0217438 
 14.1561       1.02174 
 14.1711       0.0217438 
 14.1711       0.0217438 
 14.1871       1.02174 
 14.1871       1.02174 
 14.2031       1.02174 
 14.2031       0.0217438 
 14.2181       0.0217438 
 14.2181       0.0217438 
 14.2341       1.02174 
 14.2341       1.02174 
 14.2491       1.02174 
 14.2491       1.02174 
 14.2651       0.0217438 
 14.2651       0.0217438 
 14.2811       0.0217438 
 14.2811       1.02174 
 14.2961       1.02174 
 14.2961       1.02174 
 14.3121       0.0217438 
 14.3121       1.02174 
 14.3281       0.0217438 
 14.3431       1.02174 
 14.3431       1.02174 
 14.3431       1.02174 
 14.3591       1.02174 
 14.3741       0.0217438 
 14.3741       0.0217438 
 14.3901       0.0217438 
 14.3901       1.02174 
 14.4061       1.02174 
 14.4061       1.02174 
 14.4211       0.0217438 
 14.4211       1.02174 
 14.4371       1.02174 
 14.4371       1.02174 
 14.4531       1.02174 
 14.4531       1.02174 
 14.4681       1.02174 
 14.4681       0.0217438 
 14.4841       0.0217438 
 14.4841       0.0217438 
 14.4991       1.02174 
 14.4991       1.02174 
 14.5151       1.02174 
 14.5151       1.02174 
 14.5311       1.02174 
 14.5311       0.0217438 
 14.5461       1.02174 
 14.5461       1.02174 
 14.5621       1.02174 
 14.5621       1.02174 
 14.5781       0.0217438 
 14.5781       0.0217438 
 14.5931       0.0217438 
 14.5931       1.02174 
 14.6091       1.02174 
 14.6091       1.02174 
 14.6241       1.02174 
 14.6241       1.02174 
 14.6401       0.0217438 
 14.6401       0.0217438 
 14.6561       1.02174 
 14.6561       1.02174 
 14.6711       1.02174 
 14.6871       0.0217438 
 14.6871       0.0217438 
 14.7031       1.02174 
 14.7031       1.02174 
 14.7031       1.02174 
 14.7181       1.02174 
 14.7341       1.02174 
 14.7341       1.02174 
 14.7491       0.0217438 
 14.7491       0.0217438 
 14.7651       1.02174 
 14.7651       0.0217438 
 14.7811       1.02174 
 14.7811       0.0217438 
 14.7961       0.0217438 
 14.7961       0.0217438 
 14.8121       1.02174 
 14.8121       1.02174 
 14.8281       1.02174 
 14.8281       1.02174 
 14.8431       0.0217438 
 14.8431       0.0217438 
 14.8591       0.0217438 
 14.8591       1.02174 
 14.8741       1.02174 
 14.8741       1.02174 
 14.8901       1.02174 
 14.8901       1.02174 
 14.9061       0.0217438 
 14.9061       1.02174 
 14.9211       1.02174 
 14.9211       1.02174 
 14.9371       1.02174 
 14.9371       0.0217438 
 14.9531       0.0217438 
 14.9531       0.0217438 
 14.9681       0.0217438 
 14.9681       1.02174 
 14.9841       1.02174 
 14.9841       1.02174 
 14.9991       0.0217438 
 14.9991       0.0217438 
 15.0151       0.0217438 
