 0.015375      18.0217 
 0.030375      16.0217 
 0.030375      15.0217 
 0.046375      13.0217 
 0.046375      13.0217 
 0.062375      11.0217 
 0.062375      9.02174 
 0.077375      7.02174 
 0.077375      6.02174 
 0.093375      4.02174 
 0.093375      3.02174 
 0.109375      1.02174 
 0.109375      1.02174 
 0.124375     -1.97826 
 0.124375     -3.97826 
 0.140375     -4.97826 
 0.140375     -6.97826 
 0.155375     -7.97826 
 0.155375     -8.97826 
 0.171375     -9.97826 
 0.171375     -11.9783 
 0.187375     -13.9783 
 0.187375     -15.9783 
 0.202375     -16.9783 
 0.202375     -17.9783 
 0.218375     -18.9783 
 0.218375     -20.9783 
 0.234375     -21.9783 
 0.234375     -23.9783 
 0.249375     -25.9783 
 0.249375     -25.9783 
 0.265375     -27.9783 
 0.265375     -29.9783 
 0.280375     -29.9783 
 0.280375     -31.9783 
 0.296375     -32.9783 
 0.296375     -34.9783 
 0.312375     -35.9783 
 0.312375     -36.9783 
 0.327375     -37.9783 
 0.327375     -39.9783 
 0.343375     -41.9783 
 0.343375     -41.9783 
 0.359375     -42.9783 
 0.374375     -43.9783 
 0.374375     -44.9783 
 0.390375     -46.9783 
 0.390375     -48.9783 
 0.390375     -48.9783 
 0.405375     -49.9783 
 0.421375     -49.9783 
 0.421375     -50.9783 
 0.437375     -51.9783 
 0.437375     -52.9783 
 0.452375     -53.9783 
 0.452375     -55.9783 
 0.468375     -55.9783 
 0.468375     -55.9783 
 0.484375     -56.9783 
 0.484375     -57.9783 
 0.499375     -58.9783 
 0.499375     -58.9783 
 0.515375     -59.9783 
 0.515375     -59.9783 
 0.530375     -60.9783 
 0.530375     -60.9783 
 0.546375     -61.9783 
 0.546375     -62.9783 
 0.562375     -62.9783 
 0.562375     -62.9783 
 0.577375     -63.9783 
 0.577375     -63.9783 
 0.593375     -61.9783 
 0.593375     -64.9783 
 0.609375     -64.9783 
 0.609375     -64.9783 
 0.624375     -64.9783 
 0.624375     -64.9783 
 0.640375     -64.9783 
 0.640375     -64.9783 
 0.655375     -65.9783 
 0.655375     -65.9783 
 0.671375     -65.9783 
 0.671375     -64.9783 
 0.687375     -64.9783 
 0.687375     -64.9783 
 0.702375     -65.9783 
 0.702375     -64.9783 
 0.718375     -64.9783 
 0.718375     -64.9783 
 0.734375     -64.9783 
 0.749375     -63.9783 
 0.749375     -63.9783 
 0.765375     -63.9783 
 0.765375     -62.9783 
 0.780375     -62.9783 
 0.780375     -61.9783 
 0.796375     -62.9783 
 0.796375     -60.9783 
 0.812375     -60.9783 
 0.812375     -59.9783 
 0.827375     -59.9783 
 0.827375     -58.9783 
 0.843375     -58.9783 
 0.843375     -57.9783 
 0.859375     -56.9783 
 0.859375     -56.9783 
 0.874375     -53.9783 
 0.874375     -55.9783 
 0.890375     -53.9783 
 0.890375     -52.9783 
 0.905375     -52.9783 
 0.905375     -51.9783 
 0.921375     -50.9783 
 0.921375     -49.9783 
 0.937375     -48.9783 
 0.937375     -47.9783 
 0.952375     -46.9783 
 0.952375     -45.9783 
 0.968375     -44.9783 
 0.968375     -43.9783 
 0.984375     -42.9783 
 0.984375     -38.9783 
 0.999375     -40.9783 
 0.999375     -38.9783 
 1.01537      -37.9783 
 1.01537      -36.9783 
 1.03038      -35.9783 
 1.04638      -33.9783 
 1.04638      -32.9783 
 1.06238      -31.9783 
 1.06238      -29.9783 
 1.06238      -29.9783 
 1.07738      -27.9783 
 1.09338      -26.9783 
 1.09338      -24.9783 
 1.10938      -23.9783 
 1.10938      -21.9783 
 1.12437      -20.9783 
 1.12437      -19.9783 
 1.14037      -18.9783 
 1.14037      -17.9783 
 1.15538      -15.9783 
 1.15538      -14.9783 
 1.17138      -12.9783 
 1.17138      -11.9783 
 1.18738      -9.97826 
 1.18738      -9.97826 
 1.20238      -6.97826 
 1.20238      -5.97826 
 1.21838      -3.97826 
 1.21838      -2.97826 
 1.23438       0.0217438 
 1.23438      -0.978256 
 1.24937       1.02174 
 1.24937       3.02174 
 1.26537       4.02174 
 1.26537       6.02174 
 1.28038       7.02174 
 1.28038       8.02174 
 1.29638       10.0217 
 1.29638       11.0217 
 1.31238       13.0217 
 1.31238       14.0217 
 1.32738       15.0217 
 1.32738       16.0217 
 1.34338       17.0217 
 1.35938       19.0217 
 1.35938       21.0217 
 1.37437       22.0217 
 1.37437       24.0217 
 1.39037       25.0217 
 1.39037       25.0217 
 1.40538       28.0217 
 1.40538       29.0217 
 1.42138       31.0217 
 1.42138       32.0217 
 1.43738       33.0217 
 1.43738       34.0217 
 1.45238       35.0217 
 1.45238       36.0217 
 1.46838       38.0217 
 1.46838       40.0217 
 1.48438       41.0217 
 1.48438       42.0217 
 1.49937       43.0217 
 1.49937       44.0217 
 1.51537       45.0217 
 1.51537       46.0217 
 1.53038       47.0217 
 1.53038       48.0217 
 1.54638       49.0217 
 1.54638       52.0217 
 1.56238       51.0217 
 1.56238       52.0217 
 1.57738       53.0217 
 1.57738       54.0217 
 1.59338       54.0217 
 1.59338       55.0217 
 1.60938       56.0217 
 1.60938       56.0217 
 1.62437       58.0217 
 1.62437       58.0217 
 1.64037       59.0217 
 1.64037       59.0217 
 1.65538       59.0217 
 1.67138       60.0217 
 1.67138       61.0217 
 1.67138       61.0217 
 1.68738       62.0217 
 1.68738       62.0217 
 1.70238       63.0217 
 1.71838       62.0217 
 1.71838       63.0217 
 1.73438       64.0217 
 1.73438       64.0217 
 1.73438       64.0217 
 1.74937       66.0217 
 1.76537       64.0217 
 1.76537       64.0217 
 1.78038       65.0217 
 1.78038       65.0217 
 1.79638       64.0217 
 1.79638       65.0217 
 1.81238       65.0217 
 1.81238       64.0217 
 1.82738       64.0217 
 1.82738       64.0217 
 1.84338       64.0217 
 1.84338       63.0217 
 1.85938       63.0217 
 1.85938       63.0217 
 1.87437       62.0217 
 1.87437       63.0217 
 1.89037       62.0217 
 1.89037       62.0217 
 1.90538       61.0217 
 1.90538       61.0217 
 1.92138       60.0217 
 1.92138       59.0217 
 1.93738       59.0217 
 1.93738       59.0217 
 1.95238       58.0217 
 1.95238       57.0217 
 1.96838       56.0217 
 1.96838       56.0217 
 1.98438       55.0217 
 1.98438       55.0217 
 1.99937       54.0217 
 2.01538       53.0217 
 2.01538       52.0217 
 2.03037       50.0217 
 2.03037       50.0217 
 2.03037       50.0217 
 2.04637       48.0217 
 2.06237       47.0217 
 2.06237       47.0217 
 2.07738       44.0217 
 2.07738       44.0217 
 2.09338       43.0217 
 2.09338       42.0217 
 2.10938       41.0217 
 2.10938       41.0217 
 2.12438       38.0217 
 2.12438       37.0217 
 2.14038       36.0217 
 2.14038       35.0217 
 2.15537       33.0217 
 2.15537       33.0217 
 2.17137       31.0217 
 2.17137       30.0217 
 2.18737       28.0217 
 2.18737       27.0217 
 2.20238       27.0217 
 2.20238       25.0217 
 2.21838       23.0217 
 2.21838       22.0217 
 2.23438       21.0217 
 2.23438       19.0217 
 2.24938       19.0217 
 2.24938       17.0217 
 2.26538       16.0217 
 2.26538       14.0217 
 2.28037       13.0217 
 2.28037       11.0217 
 2.29637       10.0217 
 2.29637       9.02174 
 2.31237       8.02174 
 2.31237       6.02174 
 2.32738       5.02174 
 2.32738       3.02174 
 2.34338       2.02174 
 2.35938       0.0217438 
 2.35938       0.0217438 
 2.37438      -1.97826 
 2.37438      -2.97826 
 2.39038      -4.97826 
 2.39038      -4.97826 
 2.40537      -7.97826 
 2.40537      -8.97826 
 2.42137      -9.97826 
 2.42137      -10.9783 
 2.43737      -13.9783 
 2.43737      -13.9783 
 2.45238      -15.9783 
 2.45238      -16.9783 
 2.46838      -17.9783 
 2.46838      -16.9783 
 2.48438      -19.9783 
 2.48438      -21.9783 
 2.49938      -22.9783 
 2.49938      -23.9783 
 2.51538      -25.9783 
 2.51538      -25.9783 
 2.53037      -26.9783 
 2.53037      -28.9783 
 2.54637      -29.9783 
 2.54637      -30.9783 
 2.56237      -31.9783 
 2.56237      -32.9783 
 2.57738      -33.9783 
 2.57738      -34.9783 
 2.59338      -36.9783 
 2.59338      -36.9783 
 2.60938      -37.9783 
 2.60938      -38.9783 
 2.62438      -39.9783 
 2.62438      -40.9783 
 2.64038      -41.9783 
 2.64038      -42.9783 
 2.65537      -43.9783 
 2.65537      -44.9783 
 2.67137      -46.9783 
 2.67137      -45.9783 
 2.68737      -46.9783 
 2.68737      -47.9783 
 2.70238      -48.9783 
 2.71838      -49.9783 
 2.71838      -49.9783 
 2.73438      -50.9783 
 2.73438      -50.9783 
 2.74938      -51.9783 
 2.74938      -53.9783 
 2.76538      -52.9783 
 2.76538      -53.9783 
 2.78037      -53.9783 
 2.78037      -54.9783 
 2.79637      -53.9783 
 2.79637      -54.9783 
 2.81237      -55.9783 
 2.81237      -55.9783 
 2.82738      -55.9783 
 2.82738      -56.9783 
 2.84338      -56.9783 
 2.84338      -56.9783 
 2.85938      -56.9783 
 2.85938      -57.9783 
 2.87438      -57.9783 
 2.87438      -57.9783 
 2.89038      -57.9783 
 2.89038      -57.9783 
 2.90537      -57.9783 
 2.90537      -58.9783 
 2.92137      -57.9783 
 2.92137      -57.9783 
 2.93737      -57.9783 
 2.93737      -57.9783 
 2.95238      -55.9783 
 2.95238      -57.9783 
 2.96838      -57.9783 
 2.96838      -57.9783 
 2.98438      -56.9783 
 2.98438      -56.9783 
 2.99938      -55.9783 
 2.99938      -55.9783 
 3.01538      -55.9783 
 3.01538      -55.9783 
 3.03037      -53.9783 
 3.03037      -54.9783 
 3.04637      -53.9783 
 3.06237      -52.9783 
 3.06237      -52.9783 
 3.06237      -52.9783 
 3.07738      -51.9783 
 3.09338      -50.9783 
 3.09338      -50.9783 
 3.10938      -49.9783 
 3.10938      -49.9783 
 3.12438      -48.9783 
 3.12438      -48.9783 
 3.14038      -48.9783 
 3.14038      -46.9783 
 3.15537      -45.9783 
 3.15537      -44.9783 
 3.17137      -44.9783 
 3.17137      -42.9783 
 3.18737      -42.9783 
 3.18737      -41.9783 
 3.20238      -40.9783 
 3.20238      -39.9783 
 3.21838      -38.9783 
 3.21838      -37.9783 
 3.23438      -35.9783 
 3.23438      -35.9783 
 3.24938      -34.9783 
 3.24938      -33.9783 
 3.26538      -32.9783 
 3.26538      -31.9783 
 3.28037      -30.9783 
 3.28037      -29.9783 
 3.29637      -28.9783 
 3.29637      -27.9783 
 3.31237      -25.9783 
 3.31237      -24.9783 
 3.32738      -23.9783 
 3.32738      -22.9783 
 3.34338      -22.9783 
 3.34338      -19.9783 
 3.35938      -18.9783 
 3.37438      -17.9783 
 3.37438      -16.9783 
 3.39038      -15.9783 
 3.39038      -15.9783 
 3.40537      -12.9783 
 3.40537      -11.9783 
 3.42137      -10.9783 
 3.42137      -9.97826 
 3.43737      -8.97826 
 3.43737      -6.97826 
 3.45238      -5.97826 
 3.45238      -3.97826 
 3.46838      -2.97826 
 3.46838      -1.97826 
 3.48438      -0.978256 
 3.48438       1.02174 
 3.49938       2.02174 
 3.49938       3.02174 
 3.51538       4.02174 
 3.51538       6.02174 
 3.53037       7.02174 
 3.53037       7.02174 
 3.54637       9.02174 
 3.54637       10.0217 
 3.56237       12.0217 
 3.56237       13.0217 
 3.57738       15.0217 
 3.57738       16.0217 
 3.59338       16.0217 
 3.59338       17.0217 
 3.60938       18.0217 
 3.60938       20.0217 
 3.62438       21.0217 
 3.62438       22.0217 
 3.64038       23.0217 
 3.64038       25.0217 
 3.65537       26.0217 
 3.65537       27.0217 
 3.67137       28.0217 
 3.68737       30.0217 
 3.68737       31.0217 
 3.70238       32.0217 
 3.70238       33.0217 
 3.71838       34.0217 
 3.71838       35.0217 
 3.73438       36.0217 
 3.73438       37.0217 
 3.74938       38.0217 
 3.74938       39.0217 
 3.76538       39.0217 
 3.76538       41.0217 
 3.78037       42.0217 
 3.78037       43.0217 
 3.79637       43.0217 
 3.79637       44.0217 
 3.81237       45.0217 
 3.81237       46.0217 
 3.82738       47.0217 
 3.82738       47.0217 
 3.84338       48.0217 
 3.84338       49.0217 
 3.85938       49.0217 
 3.85938       50.0217 
 3.87438       51.0217 
 3.87438       52.0217 
 3.89038       52.0217 
 3.89038       53.0217 
 3.90537       53.0217 
 3.90537       53.0217 
 3.92137       53.0217 
 3.92137       54.0217 
 3.93737       54.0217 
 3.93737       54.0217 
 3.95238       55.0217 
 3.95238       55.0217 
 3.96838       55.0217 
 3.96838       56.0217 
 3.98438       56.0217 
 3.98438       57.0217 
 3.99938       57.0217 
 4.01537       56.0217 
 4.01537       56.0217 
 4.01537       56.0217 
 4.03038       57.0217 
 4.03038       57.0217 
 4.04638       57.0217 
 4.06238       56.0217 
 4.06238       56.0217 
 4.06238       56.0217 
 4.07738       56.0217 
 4.09338       56.0217 
 4.09338       56.0217 
 4.10938       56.0217 
 4.10938       55.0217 
 4.12437       55.0217 
 4.12437       54.0217 
 4.14037       55.0217 
 4.14037       54.0217 
 4.15538       54.0217 
 4.15538       53.0217 
 4.17138       52.0217 
 4.17138       52.0217 
 4.18738       51.0217 
 4.18738       51.0217 
 4.20238       50.0217 
 4.20238       50.0217 
 4.21838       49.0217 
 4.21838       48.0217 
 4.23438       47.0217 
 4.23438       47.0217 
 4.24937       47.0217 
 4.24937       46.0217 
 4.26537       45.0217 
 4.26537       44.0217 
 4.28038       43.0217 
 4.28038       42.0217 
 4.29638       42.0217 
 4.29638       41.0217 
 4.31238       40.0217 
 4.31238       39.0217 
 4.32738       38.0217 
 4.32738       37.0217 
 4.34338       36.0217 
 4.35938       35.0217 
 4.35938       35.0217 
 4.37437       33.0217 
 4.37437       31.0217 
 4.37437       31.0217 
 4.39037       29.0217 
 4.39037       29.0217 
 4.40538       28.0217 
 4.42138       27.0217 
 4.42138       25.0217 
 4.43738       24.0217 
 4.43738       23.0217 
 4.45238       22.0217 
 4.45238       21.0217 
 4.46838       20.0217 
 4.46838       19.0217 
 4.48438       17.0217 
 4.48438       16.0217 
 4.49937       15.0217 
 4.49937       14.0217 
 4.51537       13.0217 
 4.51537       12.0217 
 4.53038       11.0217 
 4.53038       9.02174 
 4.54638       7.02174 
 4.54638       6.02174 
 4.56238       6.02174 
 4.56238       5.02174 
 4.57738       4.02174 
 4.57738       2.02174 
 4.59338       1.02174 
 4.59338       0.0217438 
 4.60938      -0.978256 
 4.60938      -1.97826 
 4.62437      -2.97826 
 4.62437      -4.97826 
 4.64037      -5.97826 
 4.64037      -7.97826 
 4.65538      -8.97826 
 4.65538      -8.97826 
 4.67138      -10.9783 
 4.67138      -10.9783 
 4.68738      -12.9783 
 4.70238      -13.9783 
 4.70238      -14.9783 
 4.71838      -15.9783 
 4.71838      -16.9783 
 4.73438      -17.9783 
 4.73438      -18.9783 
 4.74937      -20.9783 
 4.74937      -21.9783 
 4.76537      -22.9783 
 4.76537      -22.9783 
 4.78038      -23.9783 
 4.78038      -24.9783 
 4.79638      -25.9783 
 4.79638      -27.9783 
 4.81238      -28.9783 
 4.81238      -28.9783 
 4.82738      -30.9783 
 4.82738      -30.9783 
 4.84338      -31.9783 
 4.84338      -32.9783 
 4.85938      -33.9783 
 4.85938      -34.9783 
 4.87437      -34.9783 
 4.87437      -35.9783 
 4.89037      -36.9783 
 4.89037      -37.9783 
 4.90538      -38.9783 
 4.90538      -39.9783 
 4.92138      -39.9783 
 4.92138      -40.9783 
 4.93738      -41.9783 
 4.93738      -41.9783 
 4.95238      -42.9783 
 4.95238      -43.9783 
 4.96838      -44.9783 
 4.96838      -44.9783 
 4.98438      -44.9783 
 4.98438      -44.9783 
 4.99937      -45.9783 
 4.99937      -46.9783 
 5.01537      -47.9783 
 5.01537      -47.9783 
 5.03038      -47.9783 
 5.03038      -47.9783 
 5.04638      -48.9783 
 5.04638      -48.9783 
 5.06238      -48.9783 
 5.07738      -49.9783 
 5.07738      -49.9783 
 5.09338      -49.9783 
 5.09338      -49.9783 
 5.10938      -50.9783 
 5.10938      -50.9783 
 5.12437      -50.9783 
 5.12437      -50.9783 
 5.14037      -50.9783 
 5.14037      -50.9783 
 5.15538      -50.9783 
 5.15538      -50.9783 
 5.17138      -50.9783 
 5.17138      -50.9783 
 5.18738      -50.9783 
 5.18738      -50.9783 
 5.20238      -49.9783 
 5.20238      -50.9783 
 5.21838      -50.9783 
 5.21838      -48.9783 
 5.23438      -50.9783 
 5.23438      -49.9783 
 5.24937      -48.9783 
 5.24937      -48.9783 
 5.26537      -48.9783 
 5.26537      -48.9783 
 5.28038      -47.9783 
 5.28038      -47.9783 
 5.29638      -46.9783 
 5.29638      -46.9783 
 5.31238      -46.9783 
 5.31238      -45.9783 
 5.32738      -45.9783 
 5.32738      -44.9783 
 5.34338      -44.9783 
 5.34338      -42.9783 
 5.35938      -42.9783 
 5.35938      -41.9783 
 5.37437      -41.9783 
 5.39037      -42.9783 
 5.39037      -40.9783 
 5.40538      -38.9783 
 5.40538      -38.9783 
 5.42138      -37.9783 
 5.42138      -37.9783 
 5.43738      -36.9783 
 5.43738      -35.9783 
 5.45238      -34.9783 
 5.45238      -34.9783 
 5.46838      -33.9783 
 5.46838      -32.9783 
 5.48438      -31.9783 
 5.48438      -31.9783 
 5.49937      -30.9783 
 5.49937      -28.9783 
 5.51537      -27.9783 
 5.51537      -26.9783 
 5.53038      -26.9783 
 5.53038      -25.9783 
 5.54638      -24.9783 
 5.54638      -23.9783 
 5.56238      -21.9783 
 5.56238      -21.9783 
 5.57738      -20.9783 
 5.57738      -19.9783 
 5.59338      -18.9783 
 5.59338      -17.9783 
 5.60938      -16.9783 
 5.60938      -15.9783 
 5.62437      -11.9783 
 5.62437      -13.9783 
 5.64037      -12.9783 
 5.64037      -12.9783 
 5.65538      -9.97826 
 5.65538      -8.97826 
 5.67138      -7.97826 
 5.67138      -6.97826 
 5.68738      -5.97826 
 5.68738      -5.97826 
 5.70238      -3.97826 
 5.71838      -1.97826 
 5.71838      -0.978256 
 5.73438       0.0217438 
 5.73438       1.02174 
 5.74937       2.02174 
 5.74937       3.02174 
 5.76537       4.02174 
 5.76537       5.02174 
 5.78038       6.02174 
 5.78038       7.02174 
 5.79638       8.02174 
 5.79638       9.02174 
 5.81238       10.0217 
 5.81238       12.0217 
 5.82738       13.0217 
 5.82738       14.0217 
 5.84338       15.0217 
 5.84338       15.0217 
 5.85938       16.0217 
 5.85938       17.0217 
 5.87437       18.0217 
 5.87437       20.0217 
 5.89037       21.0217 
 5.89037       22.0217 
 5.90538       22.0217 
 5.90538       23.0217 
 5.92138       25.0217 
 5.92138       26.0217 
 5.93738       27.0217 
 5.93738       27.0217 
 5.95238       28.0217 
 5.95238       29.0217 
 5.96838       30.0217 
 5.96838       32.0217 
 5.98438       31.0217 
 5.98438       33.0217 
 5.99937       34.0217 
 6.01537       35.0217 
 6.01537       35.0217 
 6.03038       36.0217 
 6.03038       37.0217 
 6.04638       38.0217 
 6.04638       39.0217 
 6.04638       39.0217 
 6.06238       39.0217 
 6.07738       40.0217 
 6.07738       41.0217 
 6.09338       42.0217 
 6.09338       42.0217 
 6.10938       42.0217 
 6.10938       43.0217 
 6.12437       44.0217 
 6.12437       45.0217 
 6.14037       45.0217 
 6.14037       46.0217 
 6.15538       46.0217 
 6.15538       46.0217 
 6.17138       46.0217 
 6.17138       47.0217 
 6.18738       48.0217 
 6.18738       48.0217 
 6.20238       48.0217 
 6.20238       48.0217 
 6.21838       48.0217 
 6.21838       48.0217 
 6.23438       49.0217 
 6.23438       49.0217 
 6.24937       49.0217 
 6.24937       49.0217 
 6.26537       49.0217 
 6.26537       49.0217 
 6.28038       49.0217 
 6.28038       49.0217 
 6.29638       49.0217 
 6.29638       49.0217 
 6.31238       49.0217 
 6.31238       49.0217 
 6.32738       48.0217 
 6.34338       49.0217 
 6.34338       50.0217 
 6.35938       48.0217 
 6.35938       48.0217 
 6.37437       47.0217 
 6.37437       47.0217 
 6.39037       48.0217 
 6.39037       47.0217 
 6.40538       46.0217 
 6.40538       46.0217 
 6.42138       45.0217 
 6.42138       45.0217 
 6.43738       44.0217 
 6.43738       44.0217 
 6.45238       44.0217 
 6.45238       44.0217 
 6.46838       43.0217 
 6.46838       42.0217 
 6.48438       41.0217 
 6.48438       41.0217 
 6.49937       40.0217 
 6.49937       40.0217 
 6.51537       39.0217 
 6.51537       38.0217 
 6.53038       37.0217 
 6.53038       36.0217 
 6.54638       36.0217 
 6.54638       35.0217 
 6.56238       35.0217 
 6.56238       34.0217 
 6.57738       33.0217 
 6.57738       31.0217 
 6.59338       31.0217 
 6.59338       31.0217 
 6.60938       30.0217 
 6.60938       29.0217 
 6.62437       27.0217 
 6.62437       27.0217 
 6.64037       26.0217 
 6.64037       25.0217 
 6.65538       24.0217 
 6.65538       23.0217 
 6.67138       22.0217 
 6.68738       21.0217 
 6.68738       20.0217 
 6.70238       19.0217 
 6.70238       18.0217 
 6.71838       15.0217 
 6.71838       16.0217 
 6.73438       15.0217 
 6.73438       13.0217 
 6.74937       14.0217 
 6.74937       12.0217 
 6.76537       11.0217 
 6.76537       10.0217 
 6.78038       9.02174 
 6.78038       8.02174 
 6.79638       7.02174 
 6.79638       6.02174 
 6.81238       5.02174 
 6.81238       4.02174 
 6.82738       4.02174 
 6.82738       2.02174 
 6.84338       1.02174 
 6.84338       0.0217438 
 6.85938      -0.978256 
 6.85938      -2.97826 
 6.87437      -2.97826 
 6.87437      -3.97826 
 6.89037      -4.97826 
 6.89037      -5.97826 
 6.90538      -6.97826 
 6.90538      -7.97826 
 6.92138      -8.97826 
 6.92138      -9.97826 
 6.93738      -10.9783 
 6.93738      -11.9783 
 6.95238      -12.9783 
 6.95238      -13.9783 
 6.96838      -14.9783 
 6.96838      -15.9783 
 6.98438      -14.9783 
 6.98438      -17.9783 
 6.99937      -18.9783 
 6.99937      -19.9783 
 7.01537      -19.9783 
 7.01537      -20.9783 
 7.03038      -21.9783 
 7.04638      -22.9783 
 7.04638      -23.9783 
 7.06238      -24.9783 
 7.06238      -25.9783 
 7.06238      -25.9783 
 7.07738      -25.9783 
 7.09338      -26.9783 
 7.09338      -27.9783 
 7.10938      -28.9783 
 7.10938      -29.9783 
 7.12437      -30.9783 
 7.12437      -30.9783 
 7.14037      -31.9783 
 7.14037      -31.9783 
 7.15538      -33.9783 
 7.15538      -33.9783 
 7.17138      -35.9783 
 7.17138      -34.9783 
 7.18738      -35.9783 
 7.18738      -35.9783 
 7.20238      -36.9783 
 7.20238      -37.9783 
 7.21838      -37.9783 
 7.21838      -38.9783 
 7.23438      -38.9783 
 7.23438      -38.9783 
 7.24937      -38.9783 
 7.24937      -39.9783 
 7.26537      -40.9783 
 7.26537      -40.9783 
 7.28038      -40.9783 
 7.28038      -41.9783 
 7.29638      -41.9783 
 7.29638      -41.9783 
 7.31238      -42.9783 
 7.31238      -43.9783 
 7.32738      -43.9783 
 7.32738      -42.9783 
 7.34338      -42.9783 
 7.34338      -43.9783 
 7.35938      -43.9783 
 7.35938      -43.9783 
 7.37437      -43.9783 
 7.37437      -43.9783 
 7.39037      -43.9783 
 7.39037      -43.9783 
 7.40538      -43.9783 
 7.42138      -43.9783 
 7.42138      -43.9783 
 7.43738      -44.9783 
 7.43738      -44.9783 
 7.45238      -43.9783 
 7.45238      -43.9783 
 7.46838      -42.9783 
 7.46838      -43.9783 
 7.48438      -43.9783 
 7.48438      -42.9783 
 7.49937      -41.9783 
 7.49937      -42.9783 
 7.51537      -41.9783 
 7.51537      -41.9783 
 7.53038      -41.9783 
 7.53038      -41.9783 
 7.54638      -39.9783 
 7.54638      -40.9783 
 7.56238      -39.9783 
 7.56238      -39.9783 
 7.57738      -38.9783 
 7.57738      -38.9783 
 7.59338      -38.9783 
 7.59338      -37.9783 
 7.60938      -36.9783 
 7.60938      -35.9783 
 7.62437      -36.9783 
 7.62437      -35.9783 
 7.64037      -35.9783 
 7.64037      -33.9783 
 7.65538      -33.9783 
 7.65538      -32.9783 
 7.67138      -32.9783 
 7.67138      -31.9783 
 7.68738      -31.9783 
 7.68738      -30.9783 
 7.70238      -29.9783 
 7.70238      -29.9783 
 7.71838      -27.9783 
 7.71838      -27.9783 
 7.73438      -26.9783 
 7.73438      -26.9783 
 7.74937      -25.9783 
 7.76537      -24.9783 
 7.76537      -23.9783 
 7.78038      -22.9783 
 7.78038      -21.9783 
 7.79638      -21.9783 
 7.79638      -20.9783 
 7.81238      -18.9783 
 7.81238      -18.9783 
 7.82738      -17.9783 
 7.82738      -16.9783 
 7.84338      -16.9783 
 7.84338      -15.9783 
 7.85938      -14.9783 
 7.85938      -12.9783 
 7.87437      -12.9783 
 7.87437      -11.9783 
 7.89037      -10.9783 
 7.89037      -9.97826 
 7.90538      -10.9783 
 7.90538      -7.97826 
 7.92138      -6.97826 
 7.92138      -5.97826 
 7.93738      -5.97826 
 7.93738      -3.97826 
 7.95238      -3.97826 
 7.95238      -2.97826 
 7.96838      -0.978256 
 7.96838       0.0217438 
 7.98438       0.0217438 
 7.98438       1.02174 
 7.99937       2.02174 
 7.99937       3.02174 
 8.01538       4.02174 
 8.03037       5.02174 
 8.03037       5.02174 
 8.04637       7.02174 
 8.04637       7.02174 
 8.06237       8.02174 
 8.06237       9.02174 
 8.07738       11.0217 
 8.07738       12.0217 
 8.09338       12.0217 
 8.09338       13.0217 
 8.10938       14.0217 
 8.10938       15.0217 
 8.12438       16.0217 
 8.12438       17.0217 
 8.14038       18.0217 
 8.14038       18.0217 
 8.15537       19.0217 
 8.15537       20.0217 
 8.17137       21.0217 
 8.17137       22.0217 
 8.18737       23.0217 
 8.18737       23.0217 
 8.20238       24.0217 
 8.20238       25.0217 
 8.21838       25.0217 
 8.21838       26.0217 
 8.23438       27.0217 
 8.23438       28.0217 
 8.24938       29.0217 
 8.24938       29.0217 
 8.26538       30.0217 
 8.26538       30.0217 
 8.28037       32.0217 
 8.28037       32.0217 
 8.29637       33.0217 
 8.29637       33.0217 
 8.31237       34.0217 
 8.31237       34.0217 
 8.32738       35.0217 
 8.32738       36.0217 
 8.34338       38.0217 
 8.35938       36.0217 
 8.35938       37.0217 
 8.35938       37.0217 
 8.37438       38.0217 
 8.37438       38.0217 
 8.39038       39.0217 
 8.39038       39.0217 
 8.40537       39.0217 
 8.42137       39.0217 
 8.42137       40.0217 
 8.43737       40.0217 
 8.43737       41.0217 
 8.45238       41.0217 
 8.45238       41.0217 
 8.46838       41.0217 
 8.46838       41.0217 
 8.48438       41.0217 
 8.48438       42.0217 
 8.49938       42.0217 
 8.49938       41.0217 
 8.51538       42.0217 
 8.51538       42.0217 
 8.53037       42.0217 
 8.53037       42.0217 
 8.54637       43.0217 
 8.54637       42.0217 
 8.56237       42.0217 
 8.56237       42.0217 
 8.57738       42.0217 
 8.57738       41.0217 
 8.59338       42.0217 
 8.59338       41.0217 
 8.60938       41.0217 
 8.60938       41.0217 
 8.62438       41.0217 
 8.62438       40.0217 
 8.64038       40.0217 
 8.64038       40.0217 
 8.65537       40.0217 
 8.65537       40.0217 
 8.67137       39.0217 
 8.68737       38.0217 
 8.68737       38.0217 
 8.68737       38.0217 
 8.70238       37.0217 
 8.70238       37.0217 
 8.71838       36.0217 
 8.71838       36.0217 
 8.73438       34.0217 
 8.74938       35.0217 
 8.74938       34.0217 
 8.76538       34.0217 
 8.76538       34.0217 
 8.78037       32.0217 
 8.78037       32.0217 
 8.79637       31.0217 
 8.79637       30.0217 
 8.81237       30.0217 
 8.81237       29.0217 
 8.82738       29.0217 
 8.82738       27.0217 
 8.84338       27.0217 
 8.84338       26.0217 
 8.85938       26.0217 
 8.85938       25.0217 
 8.87438       24.0217 
 8.87438       23.0217 
 8.89038       22.0217 
 8.89038       21.0217 
 8.90537       21.0217 
 8.90537       21.0217 
 8.92137       20.0217 
 8.92137       19.0217 
 8.93737       17.0217 
 8.93737       17.0217 
 8.95238       15.0217 
 8.95238       15.0217 
 8.96838       15.0217 
 8.96838       14.0217 
 8.98438       13.0217 
 8.98438       12.0217 
 8.99938       11.0217 
 8.99938       10.0217 
 9.01538       10.0217 
 9.03037       9.02174 
 9.03037       8.02174 
 9.04637       7.02174 
 9.04637       6.02174 
 9.06237       5.02174 
 9.06237       5.02174 
 9.07738       4.02174 
 9.07738       2.02174 
 9.09338       2.02174 
 9.09338       1.02174 
 9.10938       0.0217438 
 9.10938      -1.97826 
 9.12438      -1.97826 
 9.12438      -1.97826 
 9.14038      -2.97826 
 9.14038      -4.97826 
 9.15537      -5.97826 
 9.15537      -6.97826 
 9.17137      -6.97826 
 9.17137      -7.97826 
 9.18737      -8.97826 
 9.18737      -9.97826 
 9.20238      -10.9783 
 9.20238      -11.9783 
 9.21838      -11.9783 
 9.21838      -12.9783 
 9.23438      -12.9783 
 9.23438      -13.9783 
 9.24938      -14.9783 
 9.24938      -15.9783 
 9.26538      -16.9783 
 9.26538      -16.9783 
 9.28037      -17.9783 
 9.28037      -18.9783 
 9.29637      -18.9783 
 9.29637      -20.9783 
 9.31237      -20.9783 
 9.31237      -21.9783 
 9.32738      -21.9783 
 9.32738      -22.9783 
 9.34338      -22.9783 
 9.34338      -24.9783 
 9.35938      -24.9783 
 9.37438      -25.9783 
 9.37438      -25.9783 
 9.37438      -25.9783 
 9.39038      -26.9783 
 9.40537      -27.9783 
 9.40537      -28.9783 
 9.42137      -28.9783 
 9.42137      -29.9783 
 9.43737      -29.9783 
 9.43737      -30.9783 
 9.45238      -30.9783 
 9.45238      -31.9783 
 9.46838      -31.9783 
 9.46838      -32.9783 
 9.48438      -32.9783 
 9.48438      -32.9783 
 9.49938      -33.9783 
 9.49938      -33.9783 
 9.51538      -34.9783 
 9.51538      -34.9783 
 9.53037      -34.9783 
 9.53037      -34.9783 
 9.54637      -34.9783 
 9.54637      -35.9783 
 9.56237      -35.9783 
 9.56237      -36.9783 
 9.57738      -36.9783 
 9.57738      -36.9783 
 9.59338      -36.9783 
 9.59338      -36.9783 
 9.60938      -36.9783 
 9.60938      -36.9783 
 9.62438      -36.9783 
 9.62438      -36.9783 
 9.64038      -36.9783 
 9.64038      -36.9783 
 9.65537      -36.9783 
 9.65537      -37.9783 
 9.67137      -37.9783 
 9.67137      -37.9783 
 9.68737      -37.9783 
 9.68737      -36.9783 
 9.70238      -36.9783 
 9.70238      -36.9783 
 9.71838      -36.9783 
 9.71838      -36.9783 
 9.73438      -36.9783 
 9.73438      -36.9783 
 9.74938      -35.9783 
 9.76538      -35.9783 
 9.76538      -34.9783 
 9.78037      -35.9783 
 9.78037      -34.9783 
 9.79637      -34.9783 
 9.79637      -34.9783 
 9.81237      -33.9783 
 9.81237      -33.9783 
 9.82738      -33.9783 
 9.82738      -33.9783 
 9.84338      -32.9783 
 9.84338      -31.9783 
 9.85938      -31.9783 
 9.85938      -30.9783 
 9.87438      -30.9783 
 9.87438      -30.9783 
 9.89038      -30.9783 
 9.89038      -29.9783 
 9.90537      -28.9783 
 9.90537      -28.9783 
 9.92137      -27.9783 
 9.92137      -27.9783 
 9.93737      -26.9783 
 9.93737      -26.9783 
 9.95238      -25.9783 
 9.95238      -24.9783 
 9.96838      -23.9783 
 9.96838      -23.9783 
 9.98438      -22.9783 
 9.98438      -22.9783 
 9.99938      -21.9783 
 9.99938      -21.9783 
 10.0154      -20.9783 
 10.0154      -19.9783 
 10.0304      -18.9783 
 10.0304      -18.9783 
 10.0464      -17.9783 
 10.0464      -17.9783 
 10.0624      -15.9783 
 10.0624      -15.9783 
 10.0774      -14.9783 
 10.0934      -14.9783 
 10.0934      -13.9783 
 10.1094      -12.9783 
 10.1094      -11.9783 
 10.1244      -10.9783 
 10.1244      -9.97826 
 10.1404      -9.97826 
 10.1404      -8.97826 
 10.1554      -8.97826 
 10.1554      -7.97826 
 10.1714      -6.97826 
 10.1714      -5.97826 
 10.1874      -4.97826 
 10.1874      -4.97826 
 10.2024      -3.97826 
 10.2024      -2.97826 
 10.2184      -1.97826 
 10.2184      -0.978256 
 10.2344       0.0217438 
 10.2344       1.02174 
 10.2494       1.02174 
 10.2494       2.02174 
 10.2654       2.02174 
 10.2654       4.02174 
 10.2804       5.02174 
 10.2804       6.02174 
 10.2964       6.02174 
 10.2964       7.02174 
 10.3124       7.02174 
 10.3124       8.02174 
 10.3274       9.02174 
 10.3274       10.0217 
 10.3434       11.0217 
 10.3434       11.0217 
 10.3594       12.0217 
 10.3744       13.0217 
 10.3744       13.0217 
 10.3904       15.0217 
 10.3904       15.0217 
 10.4054       16.0217 
 10.4054       16.0217 
 10.4214       18.0217 
 10.4214       17.0217 
 10.4374       19.0217 
 10.4374       19.0217 
 10.4524       20.0217 
 10.4524       19.0217 
 10.4684       21.0217 
 10.4684       21.0217 
 10.4844       22.0217 
 10.4844       23.0217 
 10.4994       24.0217 
 10.4994       24.0217 
 10.5154       25.0217 
 10.5154       25.0217 
 10.5304       26.0217 
 10.5304       26.0217 
 10.5464       27.0217 
 10.5464       28.0217 
 10.5624       28.0217 
 10.5624       28.0217 
 10.5774       30.0217 
 10.5774       30.0217 
 10.5934       30.0217 
 10.5934       31.0217 
 10.6094       31.0217 
 10.6094       30.0217 
 10.6244       32.0217 
 10.6244       32.0217 
 10.6404       32.0217 
 10.6404       33.0217 
 10.6554       33.0217 
 10.6554       33.0217 
 10.6714       33.0217 
 10.6714       33.0217 
 10.6874       34.0217 
 10.6874       34.0217 
 10.7024       34.0217 
 10.7024       34.0217 
 10.7184       35.0217 
 10.7184       35.0217 
 10.7344       34.0217 
 10.7494       35.0217 
 10.7494       35.0217 
 10.7654       35.0217 
 10.7654       35.0217 
 10.7804       36.0217 
 10.7804       35.0217 
 10.7964       35.0217 
 10.7964       36.0217 
 10.8124       36.0217 
 10.8124       34.0217 
 10.8274       35.0217 
 10.8274       35.0217 
 10.8434       34.0217 
 10.8434       35.0217 
 10.8594       35.0217 
 10.8594       35.0217 
 10.8744       34.0217 
 10.8744       34.0217 
 10.8904       33.0217 
 10.8904       34.0217 
 10.9054       34.0217 
 10.9054       33.0217 
 10.9214       33.0217 
 10.9214       33.0217 
 10.9374       32.0217 
 10.9374       31.0217 
 10.9524       31.0217 
 10.9524       31.0217 
 10.9684       31.0217 
 10.9684       32.0217 
 10.9844       30.0217 
 10.9844       29.0217 
 10.9994       29.0217 
 10.9994       29.0217 
 11.0154       27.0217 
 11.0304       28.0217 
 11.0304       27.0217 
 11.0464       26.0217 
 11.0464       25.0217 
 11.0624       26.0217 
 11.0624       25.0217 
 11.0774       24.0217 
 11.0774       23.0217 
 11.0934       23.0217 
 11.0934       22.0217 
 11.1094       21.0217 
 11.1094       21.0217 
 11.1244       21.0217 
 11.1244       20.0217 
 11.1404       18.0217 
 11.1404       19.0217 
 11.1554       18.0217 
 11.1554       17.0217 
 11.1714       17.0217 
 11.1714       16.0217 
 11.1874       15.0217 
 11.1874       14.0217 
 11.2024       13.0217 
 11.2024       13.0217 
 11.2184       13.0217 
 11.2184       12.0217 
 11.2344       12.0217 
 11.2344       11.0217 
 11.2494       10.0217 
 11.2494       8.02174 
 11.2654       9.02174 
 11.2654       8.02174 
 11.2804       7.02174 
 11.2804       7.02174 
 11.2964       6.02174 
 11.2964       5.02174 
 11.3124       3.02174 
 11.3124       4.02174 
 11.3274       3.02174 
 11.3274       2.02174 
 11.3434       1.02174 
 11.3594       0.0217438 
 11.3594       0.0217438 
 11.3744      -0.978256 
 11.3744      -1.97826 
 11.3744      -1.97826 
 11.3904      -2.97826 
 11.4054      -3.97826 
 11.4054      -4.97826 
 11.4214      -5.97826 
 11.4214      -5.97826 
 11.4374      -6.97826 
 11.4374      -6.97826 
 11.4524      -7.97826 
 11.4524      -8.97826 
 11.4684      -9.97826 
 11.4684      -10.9783 
 11.4844      -10.9783 
 11.4844      -10.9783 
 11.4994      -12.9783 
 11.4994      -12.9783 
 11.5154      -13.9783 
 11.5154      -14.9783 
 11.5304      -14.9783 
 11.5304      -14.9783 
 11.5464      -15.9783 
 11.5464      -16.9783 
 11.5624      -17.9783 
 11.5624      -17.9783 
 11.5774      -17.9783 
 11.5774      -18.9783 
 11.5934      -18.9783 
 11.5934      -19.9783 
 11.6094      -19.9783 
 11.6094      -21.9783 
 11.6244      -21.9783 
 11.6244      -21.9783 
 11.6404      -22.9783 
 11.6404      -22.9783 
 11.6554      -22.9783 
 11.6554      -23.9783 
 11.6714      -24.9783 
 11.6714      -24.9783 
 11.6874      -24.9783 
 11.6874      -24.9783 
 11.7024      -25.9783 
 11.7184      -26.9783 
 11.7184      -26.9783 
 11.7344      -27.9783 
 11.7344      -27.9783 
 11.7344      -27.9783 
 11.7494      -27.9783 
 11.7654      -27.9783 
 11.7654      -28.9783 
 11.7804      -29.9783 
 11.7804      -29.9783 
 11.7964      -29.9783 
 11.7964      -29.9783 
 11.8124      -29.9783 
 11.8124      -27.9783 
 11.8274      -30.9783 
 11.8274      -30.9783 
 11.8434      -30.9783 
 11.8434      -30.9783 
 11.8594      -30.9783 
 11.8594      -30.9783 
 11.8744      -30.9783 
 11.8744      -30.9783 
 11.8904      -31.9783 
 11.8904      -30.9783 
 11.9054      -30.9783 
 11.9054      -30.9783 
 11.9214      -31.9783 
 11.9214      -31.9783 
 11.9374      -31.9783 
 11.9374      -31.9783 
 11.9524      -30.9783 
 11.9524      -30.9783 
 11.9684      -30.9783 
 11.9684      -31.9783 
 11.9844      -30.9783 
 11.9844      -30.9783 
 11.9994      -29.9783 
 11.9994      -29.9783 
 12.0154      -29.9783 
 12.0154      -29.9783 
 12.0304      -30.9783 
 12.0464      -29.9783 
 12.0464      -29.9783 
 12.0624      -28.9783 
 12.0624      -28.9783 
 12.0774      -27.9783 
 12.0774      -27.9783 
 12.0934      -27.9783 
 12.0934      -27.9783 
 12.1094      -26.9783 
 12.1094      -26.9783 
 12.1244      -25.9783 
 12.1244      -25.9783 
 12.1404      -24.9783 
 12.1404      -25.9783 
 12.1554      -24.9783 
 12.1554      -23.9783 
 12.1714      -23.9783 
 12.1714      -22.9783 
 12.1874      -22.9783 
 12.1874      -22.9783 
 12.2024      -21.9783 
 12.2024      -21.9783 
 12.2184      -20.9783 
 12.2184      -20.9783 
 12.2344      -19.9783 
 12.2344      -19.9783 
 12.2494      -18.9783 
 12.2494      -17.9783 
 12.2654      -17.9783 
 12.2654      -16.9783 
 12.2804      -16.9783 
 12.2804      -15.9783 
 12.2964      -15.9783 
 12.2964      -15.9783 
 12.3124      -13.9783 
 12.3124      -13.9783 
 12.3274      -12.9783 
 12.3274      -12.9783 
 12.3434      -12.9783 
 12.3434      -11.9783 
 12.3594      -11.9783 
 12.3744      -9.97826 
 12.3744      -8.97826 
 12.3744      -8.97826 
 12.3904      -8.97826 
 12.4054      -7.97826 
 12.4054      -7.97826 
 12.4214      -5.97826 
 12.4214      -5.97826 
 12.4374      -4.97826 
 12.4374      -3.97826 
 12.4524      -3.97826 
 12.4524      -3.97826 
 12.4684      -2.97826 
 12.4684      -1.97826 
 12.4844      -0.978256 
 12.4844       0.0217438 
 12.4994       0.0217438 
 12.4994       1.02174 
 12.5154       1.02174 
 12.5154       2.02174 
 12.5304       3.02174 
 12.5304       4.02174 
 12.5464       4.02174 
 12.5464       5.02174 
 12.5624       5.02174 
 12.5624       6.02174 
 12.5774       7.02174 
 12.5774       8.02174 
 12.5934       9.02174 
 12.5934       9.02174 
 12.6094       9.02174 
 12.6094       9.02174 
 12.6244       10.0217 
 12.6244       11.0217 
 12.6404       12.0217 
 12.6404       12.0217 
 12.6554       13.0217 
 12.6554       14.0217 
 12.6714       13.0217 
 12.6874       15.0217 
 12.6874       15.0217 
 12.7024       16.0217 
 12.7024       16.0217 
 12.7184       17.0217 
 12.7184       17.0217 
 12.7184       17.0217 
 12.7344       18.0217 
 12.7494       19.0217 
 12.7494       20.0217 
 12.7654       20.0217 
 12.7654       20.0217 
 12.7804       20.0217 
 12.7804       21.0217 
 12.7964       22.0217 
 12.7964       22.0217 
 12.8124       22.0217 
 12.8124       24.0217 
 12.8274       23.0217 
 12.8274       23.0217 
 12.8434       24.0217 
 12.8434       25.0217 
 12.8594       26.0217 
 12.8594       25.0217 
 12.8744       25.0217 
 12.8744       25.0217 
 12.8904       26.0217 
 12.8904       26.0217 
 12.9054       27.0217 
 12.9054       27.0217 
 12.9214       27.0217 
 12.9214       27.0217 
 12.9374       27.0217 
 12.9374       28.0217 
 12.9524       28.0217 
 12.9524       29.0217 
 12.9684       28.0217 
 12.9684       29.0217 
 12.9844       28.0217 
 12.9844       28.0217 
 12.9994       29.0217 
 12.9994       29.0217 
 13.0154       29.0217 
 13.0154       29.0217 
 13.0304       29.0217 
 13.0304       29.0217 
 13.0464       29.0217 
 13.0464       29.0217 
 13.0624       29.0217 
 13.0624       29.0217 
 13.0774       29.0217 
 13.0934       29.0217 
 13.0934       28.0217 
 13.1094       29.0217 
 13.1094       28.0217 
 13.1244       28.0217 
 13.1244       28.0217 
 13.1404       28.0217 
 13.1404       27.0217 
 13.1554       28.0217 
 13.1554       28.0217 
 13.1714       27.0217 
 13.1714       27.0217 
 13.1874       27.0217 
 13.1874       26.0217 
 13.2024       26.0217 
 13.2024       26.0217 
 13.2184       25.0217 
 13.2184       25.0217 
 13.2344       25.0217 
 13.2344       24.0217 
 13.2494       24.0217 
 13.2494       24.0217 
 13.2654       23.0217 
 13.2654       23.0217 
 13.2804       22.0217 
 13.2804       22.0217 
 13.2964       22.0217 
 13.2964       21.0217 
 13.3124       21.0217 
 13.3124       21.0217 
 13.3274       20.0217 
 13.3274       19.0217 
 13.3434       19.0217 
 13.3594       18.0217 
 13.3594       18.0217 
 13.3594       18.0217 
 13.3744       17.0217 
 13.3744       17.0217 
 13.3904       16.0217 
 13.4054       15.0217 
 13.4054       15.0217 
 13.4214       15.0217 
 13.4214       14.0217 
 13.4374       14.0217 
 13.4374       13.0217 
 13.4524       12.0217 
 13.4524       11.0217 
 13.4684       11.0217 
 13.4684       11.0217 
 13.4844       10.0217 
 13.4844       9.02174 
 13.4994       9.02174 
 13.4994       8.02174 
 13.5154       7.02174 
 13.5154       7.02174 
 13.5304       7.02174 
 13.5304       6.02174 
 13.5464       6.02174 
 13.5464       5.02174 
 13.5624       4.02174 
 13.5624       3.02174 
 13.5774       3.02174 
 13.5774       3.02174 
 13.5934       2.02174 
 13.5934       1.02174 
 13.6094       1.02174 
 13.6094       0.0217438 
 13.6244       0.0217438 
 13.6244      -0.978256 
 13.6404      -0.978256 
 13.6404      -1.97826 
 13.6554      -2.97826 
 13.6554      -3.97826 
 13.6714      -3.97826 
 13.6714      -4.97826 
 13.6874      -4.97826 
 13.7024      -5.97826 
 13.7024      -6.97826 
 13.7024      -6.97826 
 13.7184      -7.97826 
 13.7184      -7.97826 
 13.7344      -8.97826 
 13.7344      -8.97826 
 13.7494      -9.97826 
 13.7654      -10.9783 
 13.7654      -10.9783 
 13.7804      -11.9783 
 13.7804      -11.9783 
 13.7964      -11.9783 
 13.7964      -12.9783 
 13.8124      -12.9783 
 13.8124      -13.9783 
 13.8274      -14.9783 
 13.8274      -14.9783 
 13.8434      -14.9783 
 13.8434      -15.9783 
 13.8594      -15.9783 
 13.8594      -16.9783 
 13.8744      -17.9783 
 13.8744      -17.9783 
 13.8904      -17.9783 
 13.8904      -17.9783 
 13.9054      -17.9783 
 13.9054      -18.9783 
 13.9214      -19.9783 
 13.9214      -19.9783 
 13.9374      -19.9783 
 13.9374      -19.9783 
 13.9524      -20.9783 
 13.9524      -20.9783 
 13.9684      -21.9783 
 13.9684      -22.9783 
 13.9844      -22.9783 
 13.9844      -22.9783 
 13.9994      -22.9783 
 13.9994      -22.9783 
 14.0154      -22.9783 
 14.0154      -23.9783 
 14.0304      -23.9783 
 14.0304      -23.9783 
 14.0464      -23.9783 
 14.0464      -23.9783 
 14.0624      -23.9783 
 14.0774      -24.9783 
 14.0774      -24.9783 
 14.0934      -24.9783 
 14.0934      -24.9783 
 14.1094      -24.9783 
 14.1094      -24.9783 
 14.1244      -24.9783 
 14.1244      -25.9783 
 14.1404      -25.9783 
 14.1404      -25.9783 
 14.1554      -25.9783 
 14.1554      -25.9783 
 14.1714      -25.9783 
 14.1714      -25.9783 
 14.1874      -25.9783 
 14.1874      -25.9783 
 14.2024      -24.9783 
 14.2024      -24.9783 
 14.2184      -24.9783 
 14.2184      -24.9783 
 14.2344      -25.9783 
 14.2344      -25.9783 
 14.2494      -25.9783 
 14.2494      -24.9783 
 14.2654      -24.9783 
 14.2654      -24.9783 
 14.2804      -24.9783 
 14.2804      -24.9783 
 14.2964      -24.9783 
 14.2964      -23.9783 
 14.3124      -22.9783 
 14.3124      -22.9783 
 14.3274      -22.9783 
 14.3274      -22.9783 
 14.3434      -22.9783 
 14.3434      -22.9783 
 14.3594      -21.9783 
 14.3594      -21.9783 
 14.3744      -21.9783 
 14.3904      -20.9783 
 14.3904      -20.9783 
 14.3904      -20.9783 
 14.4054      -19.9783 
 14.4214      -19.9783 
 14.4214      -18.9783 
 14.4374      -18.9783 
 14.4374      -18.9783 
 14.4524      -18.9783 
 14.4524      -18.9783 
 14.4684      -17.9783 
 14.4684      -16.9783 
 14.4844      -16.9783 
 14.4844      -16.9783 
 14.4994      -16.9783 
 14.4994      -15.9783 
 14.5154      -15.9783 
 14.5154      -14.9783 
 14.5304      -14.9783 
 14.5304      -13.9783 
 14.5464      -13.9783 
 14.5464      -12.9783 
 14.5624      -12.9783 
 14.5624      -11.9783 
 14.5774      -11.9783 
 14.5774      -10.9783 
 14.5934      -10.9783 
 14.5934      -10.9783 
 14.6094      -9.97826 
 14.6094      -9.97826 
 14.6244      -8.97826 
 14.6244      -7.97826 
 14.6404      -7.97826 
 14.6404      -6.97826 
 14.6554      -6.97826 
 14.6554      -6.97826 
 14.6714      -4.97826 
 14.6714      -3.97826 
 14.6874      -3.97826 
 14.6874      -3.97826 
 14.7024      -3.97826 
 14.7184      -2.97826 
 14.7184      -2.97826 
 14.7344      -1.97826 
 14.7344      -0.978256 
 14.7494       0.0217438 
 14.7494      -0.978256 
 14.7654       0.0217438 
 14.7654       1.02174 
 14.7804       1.02174 
 14.7804       2.02174 
 14.7964       3.02174 
 14.7964       3.02174 
 14.8124       3.02174 
 14.8124       4.02174 
 14.8274       4.02174 
 14.8274       5.02174 
 14.8434       6.02174 
 14.8434       7.02174 
 14.8594       7.02174 
 14.8594       7.02174 
 14.8744       7.02174 
 14.8744       8.02174 
 14.8904       9.02174 
 14.8904       9.02174 
 14.9054       10.0217 
 14.9054       10.0217 
 14.9214       10.0217 
 14.9214       11.0217 
 14.9374       12.0217 
 14.9374       12.0217 
 14.9524       12.0217 
 14.9524       13.0217 
 14.9684       13.0217 
 14.9684       13.0217 
 14.9844       14.0217 
 14.9844       15.0217 
 14.9994       15.0217 
 14.9994       15.0217 
 15.0154       15.0217 
