-0.00075      -30.9783 
 0.01525      -32.9783 
 0.03125      -33.9783 
 0.03125      -35.9783 
 0.04625      -36.9783 
 0.04625      -37.9783 
 0.06225      -39.9783 
 0.06225      -39.9783 
 0.07725      -41.9783 
 0.07725      -42.9783 
 0.09325      -43.9783 
 0.09325      -44.9783 
 0.10925      -45.9783 
 0.10925      -46.9783 
 0.12425      -47.9783 
 0.12425      -47.9783 
 0.14025      -49.9783 
 0.14025      -50.9783 
 0.15625      -51.9783 
 0.15625      -52.9783 
 0.17125      -53.9783 
 0.17125      -54.9783 
 0.18725      -54.9783 
 0.18725      -55.9783 
 0.20225      -56.9783 
 0.20225      -57.9783 
 0.21825      -58.9783 
 0.21825      -58.9783 
 0.23425      -58.9783 
 0.23425      -58.9783 
 0.24925      -59.9783 
 0.24925      -60.9783 
 0.26525      -61.9783 
 0.26525      -61.9783 
 0.28125      -61.9783 
 0.28125      -63.9783 
 0.29625      -62.9783 
 0.29625      -63.9783 
 0.31225      -63.9783 
 0.31225      -64.9783 
 0.32725      -62.9783 
 0.34325      -64.9783 
 0.34325      -64.9783 
 0.35925      -65.9783 
 0.35925      -64.9783 
 0.37425      -65.9783 
 0.37425      -64.9783 
 0.39025      -64.9783 
 0.39025      -64.9783 
 0.40625      -64.9783 
 0.40625      -65.9783 
 0.42125      -64.9783 
 0.42125      -64.9783 
 0.43725      -64.9783 
 0.43725      -64.9783 
 0.45225      -63.9783 
 0.45225      -64.9783 
 0.46825      -63.9783 
 0.46825      -63.9783 
 0.48425      -62.9783 
 0.48425      -62.9783 
 0.49925      -62.9783 
 0.49925      -61.9783 
 0.51525      -61.9783 
 0.51525      -60.9783 
 0.53125      -60.9783 
 0.53125      -59.9783 
 0.54625      -58.9783 
 0.54625      -58.9783 
 0.56225      -58.9783 
 0.56225      -58.9783 
 0.57725      -57.9783 
 0.57725      -55.9783 
 0.59325      -55.9783 
 0.59325      -54.9783 
 0.60925      -51.9783 
 0.60925      -53.9783 
 0.62425      -52.9783 
 0.62425      -51.9783 
 0.64025      -50.9783 
 0.64025      -49.9783 
 0.65625      -49.9783 
 0.67125      -47.9783 
 0.67125      -46.9783 
 0.67125      -46.9783 
 0.68725      -44.9783 
 0.70225      -43.9783 
 0.70225      -42.9783 
 0.71825      -41.9783 
 0.71825      -40.9783 
 0.73425      -39.9783 
 0.73425      -38.9783 
 0.74925      -36.9783 
 0.74925      -35.9783 
 0.76525      -33.9783 
 0.76525      -33.9783 
 0.78125      -31.9783 
 0.78125      -30.9783 
 0.79625      -28.9783 
 0.79625      -27.9783 
 0.81225      -26.9783 
 0.81225      -25.9783 
 0.82725      -24.9783 
 0.82725      -22.9783 
 0.84325      -21.9783 
 0.84325      -19.9783 
 0.85925      -18.9783 
 0.85925      -16.9783 
 0.87425      -16.9783 
 0.87425      -14.9783 
 0.89025      -13.9783 
 0.89025      -11.9783 
 0.90625      -10.9783 
 0.90625      -8.97826 
 0.92125      -7.97826 
 0.92125      -7.97826 
 0.93725      -4.97826 
 0.93725      -3.97826 
 0.95225      -1.97826 
 0.95225      -0.978256 
 0.96825       1.02174 
 0.96825       2.02174 
 0.98425       4.02174 
 0.99925       5.02174 
 0.99925       7.02174 
 1.01525       10.0217 
 1.01525       10.0217 
 1.03125       11.0217 
 1.03125       12.0217 
 1.04625       13.0217 
 1.04625       15.0217 
 1.06225       16.0217 
 1.06225       18.0217 
 1.07725       19.0217 
 1.07725       20.0217 
 1.09325       22.0217 
 1.09325       23.0217 
 1.10925       25.0217 
 1.10925       26.0217 
 1.12425       28.0217 
 1.12425       29.0217 
 1.14025       30.0217 
 1.14025       31.0217 
 1.15625       32.0217 
 1.15625       34.0217 
 1.17125       35.0217 
 1.17125       37.0217 
 1.18725       38.0217 
 1.18725       39.0217 
 1.20225       40.0217 
 1.20225       40.0217 
 1.21825       43.0217 
 1.21825       44.0217 
 1.23425       45.0217 
 1.23425       45.0217 
 1.24925       46.0217 
 1.24925       47.0217 
 1.26525       49.0217 
 1.26525       50.0217 
 1.28125       51.0217 
 1.28125       52.0217 
 1.29625       53.0217 
 1.29625       53.0217 
 1.31225       54.0217 
 1.32725       55.0217 
 1.32725       56.0217 
 1.32725       56.0217 
 1.34325       57.0217 
 1.35925       57.0217 
 1.35925       58.0217 
 1.37425       59.0217 
 1.37425       60.0217 
 1.39025       60.0217 
 1.39025       61.0217 
 1.40625       61.0217 
 1.40625       61.0217 
 1.42125       62.0217 
 1.42125       62.0217 
 1.43725       63.0217 
 1.43725       63.0217 
 1.45225       63.0217 
 1.45225       63.0217 
 1.46825       63.0217 
 1.46825       64.0217 
 1.48425       64.0217 
 1.48425       63.0217 
 1.49925       64.0217 
 1.49925       64.0217 
 1.51525       64.0217 
 1.51525       64.0217 
 1.53125       65.0217 
 1.53125       65.0217 
 1.54625       64.0217 
 1.54625       64.0217 
 1.56225       63.0217 
 1.56225       63.0217 
 1.57725       63.0217 
 1.57725       63.0217 
 1.59325       63.0217 
 1.60925       62.0217 
 1.60925       61.0217 
 1.60925       61.0217 
 1.62425       61.0217 
 1.62425       61.0217 
 1.64025       60.0217 
 1.65625       59.0217 
 1.65625       58.0217 
 1.65625       58.0217 
 1.67125       57.0217 
 1.67125       57.0217 
 1.68725       57.0217 
 1.70225       56.0217 
 1.70225       55.0217 
 1.71825       53.0217 
 1.71825       53.0217 
 1.73425       52.0217 
 1.73425       52.0217 
 1.74925       51.0217 
 1.74925       50.0217 
 1.76525       49.0217 
 1.76525       47.0217 
 1.78125       47.0217 
 1.78125       47.0217 
 1.79625       46.0217 
 1.79625       44.0217 
 1.81225       44.0217 
 1.81225       42.0217 
 1.82725       41.0217 
 1.82725       39.0217 
 1.84325       39.0217 
 1.84325       38.0217 
 1.85925       36.0217 
 1.85925       35.0217 
 1.87425       34.0217 
 1.87425       32.0217 
 1.89025       32.0217 
 1.89025       31.0217 
 1.90625       29.0217 
 1.90625       28.0217 
 1.92125       26.0217 
 1.92125       25.0217 
 1.93725       23.0217 
 1.95225       22.0217 
 1.95225       21.0217 
 1.96825       19.0217 
 1.96825       18.0217 
 1.98425       17.0217 
 1.98425       15.0217 
 1.99925       14.0217 
 1.99925       13.0217 
 1.99925       13.0217 
 2.01525       10.0217 
 2.03125       9.02174 
 2.03125       7.02174 
 2.04625       6.02174 
 2.04625       5.02174 
 2.06225       3.02174 
 2.06225       2.02174 
 2.07725       1.02174 
 2.07725       0.0217438 
 2.09325      -1.97826 
 2.09325      -2.97826 
 2.10925      -3.97826 
 2.10925      -5.97826 
 2.12425      -6.97826 
 2.12425      -7.97826 
 2.14025      -9.97826 
 2.14025      -10.9783 
 2.15625      -11.9783 
 2.15625      -12.9783 
 2.17125      -14.9783 
 2.17125      -15.9783 
 2.18725      -17.9783 
 2.18725      -18.9783 
 2.20225      -19.9783 
 2.20225      -20.9783 
 2.21825      -21.9783 
 2.21825      -22.9783 
 2.23425      -24.9783 
 2.23425      -25.9783 
 2.24925      -26.9783 
 2.24925      -27.9783 
 2.26525      -28.9783 
 2.26525      -29.9783 
 2.28125      -31.9783 
 2.28125      -30.9783 
 2.29625      -33.9783 
 2.31225      -34.9783 
 2.31225      -35.9783 
 2.32725      -36.9783 
 2.32725      -37.9783 
 2.34325      -38.9783 
 2.34325      -39.9783 
 2.35925      -40.9783 
 2.35925      -40.9783 
 2.37425      -42.9783 
 2.37425      -43.9783 
 2.39025      -44.9783 
 2.39025      -45.9783 
 2.40625      -45.9783 
 2.40625      -47.9783 
 2.42125      -46.9783 
 2.42125      -47.9783 
 2.43725      -48.9783 
 2.43725      -49.9783 
 2.45225      -50.9783 
 2.45225      -50.9783 
 2.46825      -50.9783 
 2.46825      -51.9783 
 2.48425      -51.9783 
 2.48425      -52.9783 
 2.49925      -53.9783 
 2.49925      -53.9783 
 2.51525      -53.9783 
 2.51525      -54.9783 
 2.53125      -54.9783 
 2.53125      -55.9783 
 2.54625      -55.9783 
 2.54625      -56.9783 
 2.56225      -56.9783 
 2.56225      -56.9783 
 2.57725      -56.9783 
 2.57725      -56.9783 
 2.59325      -57.9783 
 2.59325      -57.9783 
 2.60925      -58.9783 
 2.60925      -57.9783 
 2.62425      -56.9783 
 2.62425      -56.9783 
 2.64025      -56.9783 
 2.65625      -57.9783 
 2.65625      -57.9783 
 2.65625      -57.9783 
 2.67125      -56.9783 
 2.67125      -56.9783 
 2.68725      -56.9783 
 2.70225      -56.9783 
 2.70225      -56.9783 
 2.71825      -56.9783 
 2.71825      -55.9783 
 2.73425      -55.9783 
 2.73425      -55.9783 
 2.74925      -54.9783 
 2.74925      -54.9783 
 2.76525      -53.9783 
 2.76525      -53.9783 
 2.78125      -52.9783 
 2.78125      -52.9783 
 2.79625      -51.9783 
 2.79625      -51.9783 
 2.81225      -50.9783 
 2.81225      -50.9783 
 2.82725      -49.9783 
 2.82725      -48.9783 
 2.84325      -48.9783 
 2.84325      -47.9783 
 2.85925      -47.9783 
 2.85925      -46.9783 
 2.87425      -45.9783 
 2.87425      -44.9783 
 2.89025      -43.9783 
 2.89025      -43.9783 
 2.90625      -42.9783 
 2.90625      -41.9783 
 2.92125      -40.9783 
 2.92125      -39.9783 
 2.93725      -38.9783 
 2.93725      -37.9783 
 2.95225      -36.9783 
 2.95225      -35.9783 
 2.96825      -35.9783 
 2.98425      -34.9783 
 2.98425      -32.9783 
 2.99925      -31.9783 
 2.99925      -30.9783 
 3.01525      -27.9783 
 3.01525      -28.9783 
 3.03125      -27.9783 
 3.03125      -25.9783 
 3.04625      -24.9783 
 3.04625      -23.9783 
 3.06225      -22.9783 
 3.06225      -21.9783 
 3.07725      -20.9783 
 3.07725      -18.9783 
 3.09325      -17.9783 
 3.09325      -16.9783 
 3.10925      -15.9783 
 3.10925      -14.9783 
 3.12425      -13.9783 
 3.12425      -12.9783 
 3.14025      -10.9783 
 3.14025      -9.97826 
 3.15625      -8.97826 
 3.15625      -6.97826 
 3.17125      -6.97826 
 3.17125      -4.97826 
 3.18725      -3.97826 
 3.18725      -1.97826 
 3.20225      -0.978256 
 3.20225       1.02174 
 3.21825       1.02174 
 3.21825       3.02174 
 3.23425       3.02174 
 3.23425       5.02174 
 3.24925       6.02174 
 3.24925       8.02174 
 3.26525       9.02174 
 3.26525       10.0217 
 3.28125       11.0217 
 3.29625       12.0217 
 3.29625       14.0217 
 3.31225       15.0217 
 3.31225       16.0217 
 3.32725       17.0217 
 3.32725       18.0217 
 3.34325       19.0217 
 3.34325       21.0217 
 3.35925       22.0217 
 3.35925       23.0217 
 3.37425       25.0217 
 3.37425       25.0217 
 3.39025       26.0217 
 3.39025       27.0217 
 3.40625       29.0217 
 3.40625       30.0217 
 3.42125       31.0217 
 3.42125       32.0217 
 3.43725       33.0217 
 3.43725       34.0217 
 3.45225       36.0217 
 3.45225       36.0217 
 3.46825       38.0217 
 3.46825       39.0217 
 3.48425       39.0217 
 3.48425       40.0217 
 3.49925       41.0217 
 3.49925       42.0217 
 3.51525       43.0217 
 3.51525       44.0217 
 3.53125       44.0217 
 3.53125       45.0217 
 3.54625       46.0217 
 3.54625       47.0217 
 3.56225       48.0217 
 3.56225       49.0217 
 3.57725       49.0217 
 3.57725       50.0217 
 3.59325       50.0217 
 3.59325       50.0217 
 3.60925       52.0217 
 3.60925       52.0217 
 3.62425       53.0217 
 3.64025       52.0217 
 3.64025       53.0217 
 3.64025       53.0217 
 3.65625       54.0217 
 3.67125       55.0217 
 3.67125       55.0217 
 3.67125       55.0217 
 3.68725       55.0217 
 3.70225       55.0217 
 3.70225       55.0217 
 3.71825       56.0217 
 3.71825       56.0217 
 3.73425       56.0217 
 3.73425       56.0217 
 3.74925       56.0217 
 3.74925       56.0217 
 3.76525       56.0217 
 3.76525       56.0217 
 3.78125       56.0217 
 3.78125       56.0217 
 3.79625       56.0217 
 3.79625       55.0217 
 3.81225       55.0217 
 3.81225       56.0217 
 3.82725       56.0217 
 3.82725       55.0217 
 3.84325       54.0217 
 3.84325       54.0217 
 3.85925       54.0217 
 3.85925       54.0217 
 3.87425       53.0217 
 3.87425       53.0217 
 3.89025       53.0217 
 3.89025       51.0217 
 3.90625       51.0217 
 3.90625       51.0217 
 3.92125       50.0217 
 3.92125       51.0217 
 3.93725       49.0217 
 3.95225       48.0217 
 3.95225       47.0217 
 3.95225       47.0217 
 3.96825       46.0217 
 3.96825       46.0217 
 3.98425       45.0217 
 3.99925       44.0217 
 3.99925       43.0217 
 4.01525       42.0217 
 4.01525       41.0217 
 4.03125       41.0217 
 4.03125       40.0217 
 4.04625       39.0217 
 4.04625       38.0217 
 4.06225       37.0217 
 4.06225       36.0217 
 4.07725       35.0217 
 4.07725       34.0217 
 4.09325       33.0217 
 4.09325       32.0217 
 4.10925       31.0217 
 4.10925       30.0217 
 4.12425       28.0217 
 4.12425       28.0217 
 4.14025       27.0217 
 4.14025       26.0217 
 4.15625       24.0217 
 4.15625       23.0217 
 4.17125       21.0217 
 4.17125       21.0217 
 4.18725       20.0217 
 4.18725       19.0217 
 4.20225       18.0217 
 4.20225       17.0217 
 4.21825       15.0217 
 4.21825       14.0217 
 4.23425       13.0217 
 4.23425       12.0217 
 4.24925       10.0217 
 4.24925       9.02174 
 4.26525       8.02174 
 4.26525       7.02174 
 4.28125       6.02174 
 4.29625       5.02174 
 4.29625       3.02174 
 4.29625       3.02174 
 4.31225       1.02174 
 4.32725       0.0217438 
 4.32725      -0.978256 
 4.34325      -1.97826 
 4.34325      -2.97826 
 4.35925      -3.97826 
 4.35925      -5.97826 
 4.37425      -6.97826 
 4.37425      -7.97826 
 4.39025      -8.97826 
 4.39025      -9.97826 
 4.40625      -10.9783 
 4.40625      -12.9783 
 4.42125      -13.9783 
 4.42125      -14.9783 
 4.43725      -15.9783 
 4.43725      -16.9783 
 4.45225      -16.9783 
 4.45225      -18.9783 
 4.46825      -19.9783 
 4.46825      -20.9783 
 4.48425      -21.9783 
 4.49925      -23.9783 
 4.49925      -23.9783 
 4.49925      -24.9783 
 4.51525      -25.9783 
 4.51525      -26.9783 
 4.53125      -27.9783 
 4.53125      -29.9783 
 4.54625      -29.9783 
 4.54625      -30.9783 
 4.56225      -30.9783 
 4.56225      -31.9783 
 4.57725      -33.9783 
 4.57725      -33.9783 
 4.59325      -34.9783 
 4.59325      -35.9783 
 4.60925      -35.9783 
 4.60925      -36.9783 
 4.62425      -38.9783 
 4.62425      -38.9783 
 4.64025      -39.9783 
 4.64025      -39.9783 
 4.65625      -40.9783 
 4.65625      -40.9783 
 4.67125      -42.9783 
 4.67125      -42.9783 
 4.68725      -43.9783 
 4.70225      -44.9783 
 4.70225      -44.9783 
 4.71825      -44.9783 
 4.71825      -44.9783 
 4.73425      -45.9783 
 4.73425      -46.9783 
 4.74925      -46.9783 
 4.74925      -46.9783 
 4.76525      -47.9783 
 4.76525      -47.9783 
 4.78125      -48.9783 
 4.78125      -48.9783 
 4.79625      -48.9783 
 4.79625      -49.9783 
 4.81225      -48.9783 
 4.81225      -49.9783 
 4.82725      -49.9783 
 4.82725      -49.9783 
 4.84325      -49.9783 
 4.84325      -51.9783 
 4.85925      -49.9783 
 4.85925      -49.9783 
 4.87425      -49.9783 
 4.87425      -49.9783 
 4.89025      -49.9783 
 4.89025      -50.9783 
 4.90625      -50.9783 
 4.90625      -50.9783 
 4.92125      -49.9783 
 4.92125      -49.9783 
 4.93725      -49.9783 
 4.93725      -49.9783 
 4.95225      -49.9783 
 4.95225      -48.9783 
 4.96825      -48.9783 
 4.98425      -47.9783 
 4.98425      -47.9783 
 4.98425      -47.9783 
 4.99925      -47.9783 
 5.01525      -46.9783 
 5.01525      -46.9783 
 5.03125      -45.9783 
 5.03125      -45.9783 
 5.04625      -45.9783 
 5.04625      -45.9783 
 5.06225      -44.9783 
 5.06225      -43.9783 
 5.07725      -42.9783 
 5.07725      -42.9783 
 5.09325      -41.9783 
 5.09325      -41.9783 
 5.10925      -40.9783 
 5.10925      -40.9783 
 5.12425      -38.9783 
 5.12425      -38.9783 
 5.14025      -37.9783 
 5.14025      -36.9783 
 5.15625      -36.9783 
 5.15625      -35.9783 
 5.17125      -35.9783 
 5.17125      -33.9783 
 5.18725      -32.9783 
 5.18725      -31.9783 
 5.20225      -31.9783 
 5.20225      -30.9783 
 5.21825      -30.9783 
 5.21825      -28.9783 
 5.23425      -27.9783 
 5.23425      -26.9783 
 5.24925      -24.9783 
 5.24925      -25.9783 
 5.26525      -24.9783 
 5.26525      -23.9783 
 5.28125      -22.9783 
 5.28125      -21.9783 
 5.29625      -20.9783 
 5.31225      -19.9783 
 5.31225      -18.9783 
 5.32725      -17.9783 
 5.32725      -16.9783 
 5.34325      -15.9783 
 5.34325      -14.9783 
 5.35925      -13.9783 
 5.35925      -12.9783 
 5.37425      -11.9783 
 5.37425      -10.9783 
 5.39025      -8.97826 
 5.39025      -7.97826 
 5.40625      -6.97826 
 5.40625      -5.97826 
 5.42125      -4.97826 
 5.42125      -3.97826 
 5.43725      -2.97826 
 5.43725      -1.97826 
 5.45225      -0.978256 
 5.45225       0.0217438 
 5.46825       1.02174 
 5.46825       2.02174 
 5.48425       4.02174 
 5.48425       5.02174 
 5.49925       6.02174 
 5.49925       7.02174 
 5.51525       8.02174 
 5.51525       9.02174 
 5.53125       11.0217 
 5.53125       11.0217 
 5.54625       12.0217 
 5.54625       13.0217 
 5.56225       14.0217 
 5.56225       15.0217 
 5.57725       16.0217 
 5.57725       17.0217 
 5.59325       18.0217 
 5.59325       19.0217 
 5.60925       20.0217 
 5.62425       21.0217 
 5.62425       22.0217 
 5.64025       23.0217 
 5.64025       24.0217 
 5.65625       26.0217 
 5.65625       27.0217 
 5.65625       27.0217 
 5.67125       28.0217 
 5.68725       29.0217 
 5.68725       30.0217 
 5.70225       31.0217 
 5.70225       32.0217 
 5.71825       33.0217 
 5.71825       33.0217 
 5.73425       34.0217 
 5.73425       34.0217 
 5.74925       36.0217 
 5.74925       37.0217 
 5.76525       37.0217 
 5.76525       40.0217 
 5.78125       38.0217 
 5.78125       39.0217 
 5.79625       39.0217 
 5.79625       41.0217 
 5.81225       41.0217 
 5.81225       42.0217 
 5.82725       42.0217 
 5.82725       43.0217 
 5.84325       43.0217 
 5.84325       43.0217 
 5.85925       45.0217 
 5.85925       45.0217 
 5.87425       45.0217 
 5.87425       45.0217 
 5.89025       46.0217 
 5.89025       46.0217 
 5.90625       47.0217 
 5.90625       47.0217 
 5.92125       48.0217 
 5.92125       47.0217 
 5.93725       47.0217 
 5.95225       48.0217 
 5.95225       48.0217 
 5.95225       48.0217 
 5.96825       48.0217 
 5.96825       48.0217 
 5.98425       48.0217 
 5.99925       49.0217 
 5.99925       49.0217 
 5.99925       49.0217 
 6.01525       49.0217 
 6.03125       49.0217 
 6.03125       48.0217 
 6.04625       48.0217 
 6.04625       48.0217 
 6.06225       48.0217 
 6.06225       48.0217 
 6.07725       48.0217 
 6.07725       47.0217 
 6.09325       46.0217 
 6.09325       46.0217 
 6.10925       47.0217 
 6.10925       47.0217 
 6.12425       46.0217 
 6.12425       46.0217 
 6.14025       45.0217 
 6.14025       44.0217 
 6.15625       44.0217 
 6.15625       44.0217 
 6.17125       45.0217 
 6.17125       43.0217 
 6.18725       42.0217 
 6.18725       41.0217 
 6.20225       41.0217 
 6.20225       41.0217 
 6.21825       40.0217 
 6.21825       40.0217 
 6.23425       39.0217 
 6.23425       38.0217 
 6.24925       36.0217 
 6.24925       36.0217 
 6.26525       36.0217 
 6.28125       35.0217 
 6.28125       34.0217 
 6.29625       33.0217 
 6.29625       33.0217 
 6.31225       31.0217 
 6.31225       31.0217 
 6.32725       30.0217 
 6.32725       30.0217 
 6.34325       28.0217 
 6.34325       27.0217 
 6.35925       26.0217 
 6.35925       25.0217 
 6.37425       26.0217 
 6.37425       24.0217 
 6.39025       23.0217 
 6.39025       22.0217 
 6.40625       21.0217 
 6.40625       20.0217 
 6.42125       19.0217 
 6.42125       18.0217 
 6.43725       17.0217 
 6.43725       16.0217 
 6.45225       15.0217 
 6.45225       14.0217 
 6.46825       13.0217 
 6.46825       13.0217 
 6.48425       11.0217 
 6.48425       12.0217 
 6.49925       9.02174 
 6.49925       8.02174 
 6.51525       7.02174 
 6.51525       7.02174 
 6.53125       6.02174 
 6.53125       5.02174 
 6.54625       4.02174 
 6.54625       2.02174 
 6.56225       1.02174 
 6.56225      -0.978256 
 6.57725       0.0217438 
 6.57725      -1.97826 
 6.59325      -1.97826 
 6.59325      -3.97826 
 6.60925      -4.97826 
 6.60925      -5.97826 
 6.62425      -6.97826 
 6.64025      -7.97826 
 6.64025      -7.97826 
 6.65625      -9.97826 
 6.65625      -10.9783 
 6.67125      -11.9783 
 6.67125      -12.9783 
 6.68725      -13.9783 
 6.68725      -14.9783 
 6.70225      -14.9783 
 6.70225      -15.9783 
 6.71825      -16.9783 
 6.71825      -17.9783 
 6.73425      -18.9783 
 6.73425      -18.9783 
 6.74925      -19.9783 
 6.74925      -20.9783 
 6.76525      -22.9783 
 6.76525      -22.9783 
 6.78125      -24.9783 
 6.78125      -24.9783 
 6.79625      -24.9783 
 6.79625      -25.9783 
 6.81225      -26.9783 
 6.81225      -27.9783 
 6.82725      -29.9783 
 6.82725      -28.9783 
 6.84325      -29.9783 
 6.84325      -29.9783 
 6.85925      -30.9783 
 6.85925      -31.9783 
 6.87425      -32.9783 
 6.87425      -33.9783 
 6.89025      -33.9783 
 6.89025      -34.9783 
 6.90625      -34.9783 
 6.90625      -35.9783 
 6.92125      -36.9783 
 6.92125      -36.9783 
 6.93725      -36.9783 
 6.93725      -37.9783 
 6.95225      -37.9783 
 6.95225      -37.9783 
 6.96825      -38.9783 
 6.98425      -39.9783 
 6.98425      -39.9783 
 6.98425      -39.9783 
 6.99925      -40.9783 
 6.99925      -40.9783 
 7.01525      -40.9783 
 7.03125      -41.9783 
 7.03125      -41.9783 
 7.04625      -42.9783 
 7.04625      -41.9783 
 7.06225      -41.9783 
 7.06225      -42.9783 
 7.07725      -42.9783 
 7.07725      -42.9783 
 7.09325      -42.9783 
 7.09325      -42.9783 
 7.10925      -42.9783 
 7.10925      -43.9783 
 7.12425      -43.9783 
 7.12425      -43.9783 
 7.14025      -43.9783 
 7.14025      -43.9783 
 7.15625      -42.9783 
 7.15625      -43.9783 
 7.17125      -42.9783 
 7.17125      -42.9783 
 7.18725      -42.9783 
 7.18725      -42.9783 
 7.20225      -42.9783 
 7.20225      -42.9783 
 7.21825      -41.9783 
 7.21825      -41.9783 
 7.23425      -41.9783 
 7.23425      -41.9783 
 7.24925      -40.9783 
 7.24925      -40.9783 
 7.26525      -39.9783 
 7.26525      -39.9783 
 7.28125      -39.9783 
 7.28125      -38.9783 
 7.29625      -38.9783 
 7.29625      -38.9783 
 7.31225      -37.9783 
 7.32725      -36.9783 
 7.32725      -36.9783 
 7.34325      -35.9783 
 7.34325      -35.9783 
 7.35925      -35.9783 
 7.35925      -33.9783 
 7.37425      -33.9783 
 7.37425      -33.9783 
 7.39025      -32.9783 
 7.39025      -32.9783 
 7.40625      -31.9783 
 7.40625      -30.9783 
 7.42125      -29.9783 
 7.42125      -29.9783 
 7.43725      -28.9783 
 7.43725      -28.9783 
 7.45225      -27.9783 
 7.45225      -26.9783 
 7.46825      -25.9783 
 7.46825      -24.9783 
 7.48425      -23.9783 
 7.48425      -23.9783 
 7.49925      -22.9783 
 7.49925      -22.9783 
 7.51525      -20.9783 
 7.51525      -20.9783 
 7.53125      -19.9783 
 7.53125      -19.9783 
 7.54625      -17.9783 
 7.54625      -17.9783 
 7.56225      -16.9783 
 7.56225      -14.9783 
 7.57725      -14.9783 
 7.57725      -13.9783 
 7.59325      -12.9783 
 7.59325      -11.9783 
 7.60925      -11.9783 
 7.60925      -9.97826 
 7.62425      -8.97826 
 7.62425      -8.97826 
 7.64025      -6.97826 
 7.64025      -6.97826 
 7.65625      -5.97826 
 7.67125      -3.97826 
 7.67125      -2.97826 
 7.68725      -2.97826 
 7.68725      -0.978256 
 7.70225      -0.978256 
 7.70225       0.0217438 
 7.71825       1.02174 
 7.71825       2.02174 
 7.73425       3.02174 
 7.73425       4.02174 
 7.74925       5.02174 
 7.74925       6.02174 
 7.76525       6.02174 
 7.76525       7.02174 
 7.78125       9.02174 
 7.78125       9.02174 
 7.79625       10.0217 
 7.79625       11.0217 
 7.81225       12.0217 
 7.81225       12.0217 
 7.82725       14.0217 
 7.82725       15.0217 
 7.84325       15.0217 
 7.84325       16.0217 
 7.85925       17.0217 
 7.85925       17.0217 
 7.87425       19.0217 
 7.87425       20.0217 
 7.89025       21.0217 
 7.89025       21.0217 
 7.90625       22.0217 
 7.90625       23.0217 
 7.92125       23.0217 
 7.92125       24.0217 
 7.93725       25.0217 
 7.95225       26.0217 
 7.95225       26.0217 
 7.96825       27.0217 
 7.96825       27.0217 
 7.98425       29.0217 
 7.98425       30.0217 
 7.98425       30.0217 
 7.99925       31.0217 
 7.99925       31.0217 
 8.01525       32.0217 
 8.03125       33.0217 
 8.03125       34.0217 
 8.04625       34.0217 
 8.04625       35.0217 
 8.06225       35.0217 
 8.06225       35.0217 
 8.07725       36.0217 
 8.07725       37.0217 
 8.09325       37.0217 
 8.09325       37.0217 
 8.10925       38.0217 
 8.10925       38.0217 
 8.12425       38.0217 
 8.12425       38.0217 
 8.14025       39.0217 
 8.14025       39.0217 
 8.15625       39.0217 
 8.15625       40.0217 
 8.17125       40.0217 
 8.17125       40.0217 
 8.18725       41.0217 
 8.18725       41.0217 
 8.20225       41.0217 
 8.20225       41.0217 
 8.21825       41.0217 
 8.21825       41.0217 
 8.23425       41.0217 
 8.23425       41.0217 
 8.24925       41.0217 
 8.24925       41.0217 
 8.26525       41.0217 
 8.26525       41.0217 
 8.28125       41.0217 
 8.28125       41.0217 
 8.29625       41.0217 
 8.29625       41.0217 
 8.31225       41.0217 
 8.31225       41.0217 
 8.32725       40.0217 
 8.32725       40.0217 
 8.34325       40.0217 
 8.35925       40.0217 
 8.35925       39.0217 
 8.37425       39.0217 
 8.37425       39.0217 
 8.39025       38.0217 
 8.39025       38.0217 
 8.40625       38.0217 
 8.40625       38.0217 
 8.42125       37.0217 
 8.42125       36.0217 
 8.43725       36.0217 
 8.43725       35.0217 
 8.45225       36.0217 
 8.45225       35.0217 
 8.46825       35.0217 
 8.46825       34.0217 
 8.48425       33.0217 
 8.48425       32.0217 
 8.49925       32.0217 
 8.49925       31.0217 
 8.51525       31.0217 
 8.51525       30.0217 
 8.53125       29.0217 
 8.53125       29.0217 
 8.54625       28.0217 
 8.54625       28.0217 
 8.56225       27.0217 
 8.56225       26.0217 
 8.57725       25.0217 
 8.57725       25.0217 
 8.59325       23.0217 
 8.59325       23.0217 
 8.60925       23.0217 
 8.62425       21.0217 
 8.62425       21.0217 
 8.64025       20.0217 
 8.64025       19.0217 
 8.65625       18.0217 
 8.65625       18.0217 
 8.67125       17.0217 
 8.67125       17.0217 
 8.68725       15.0217 
 8.68725       14.0217 
 8.70225       13.0217 
 8.70225       13.0217 
 8.71825       12.0217 
 8.71825       11.0217 
 8.73425       10.0217 
 8.73425       9.02174 
 8.74925       8.02174 
 8.74925       7.02174 
 8.76525       7.02174 
 8.76525       6.02174 
 8.78125       6.02174 
 8.78125       5.02174 
 8.79625       3.02174 
 8.79625       2.02174 
 8.81225       2.02174 
 8.81225       1.02174 
 8.82725       0.0217438 
 8.82725       0.0217438 
 8.84325      -1.97826 
 8.84325      -1.97826 
 8.85925      -3.97826 
 8.85925      -3.97826 
 8.87425      -4.97826 
 8.87425      -5.97826 
 8.89025      -6.97826 
 8.89025      -7.97826 
 8.90625      -8.97826 
 8.90625      -8.97826 
 8.92125      -9.97826 
 8.92125      -10.9783 
 8.93725      -10.9783 
 8.93725      -12.9783 
 8.95225      -13.9783 
 8.96825      -14.9783 
 8.96825      -13.9783 
 8.98425      -15.9783 
 8.98425      -15.9783 
 8.99925      -16.9783 
 8.99925      -17.9783 
 9.01525      -18.9783 
 9.01525      -18.9783 
 9.03125      -18.9783 
 9.03125      -19.9783 
 9.04625      -20.9783 
 9.04625      -21.9783 
 9.06225      -22.9783 
 9.06225      -23.9783 
 9.07725      -23.9783 
 9.07725      -23.9783 
 9.09325      -24.9783 
 9.09325      -25.9783 
 9.10925      -25.9783 
 9.10925      -26.9783 
 9.12425      -26.9783 
 9.12425      -27.9783 
 9.14025      -28.9783 
 9.14025      -28.9783 
 9.15625      -29.9783 
 9.15625      -29.9783 
 9.17125      -30.9783 
 9.17125      -30.9783 
 9.18725      -30.9783 
 9.18725      -30.9783 
 9.20225      -31.9783 
 9.20225      -32.9783 
 9.21825      -32.9783 
 9.21825      -32.9783 
 9.23425      -33.9783 
 9.23425      -33.9783 
 9.24925      -33.9783 
 9.24925      -34.9783 
 9.26525      -34.9783 
 9.26525      -35.9783 
 9.28125      -34.9783 
 9.28125      -34.9783 
 9.29625      -35.9783 
 9.29625      -35.9783 
 9.31225      -35.9783 
 9.31225      -35.9783 
 9.32725      -36.9783 
 9.34325      -35.9783 
 9.34325      -35.9783 
 9.35925      -36.9783 
 9.35925      -36.9783 
 9.37425      -36.9783 
 9.37425      -36.9783 
 9.39025      -36.9783 
 9.39025      -36.9783 
 9.40625      -36.9783 
 9.40625      -36.9783 
 9.42125      -36.9783 
 9.42125      -36.9783 
 9.43725      -35.9783 
 9.43725      -35.9783 
 9.45225      -35.9783 
 9.45225      -35.9783 
 9.46825      -35.9783 
 9.46825      -35.9783 
 9.48425      -35.9783 
 9.48425      -34.9783 
 9.49925      -34.9783 
 9.49925      -33.9783 
 9.51525      -34.9783 
 9.51525      -33.9783 
 9.53125      -33.9783 
 9.53125      -33.9783 
 9.54625      -32.9783 
 9.54625      -32.9783 
 9.56225      -31.9783 
 9.56225      -31.9783 
 9.57725      -31.9783 
 9.57725      -30.9783 
 9.59325      -29.9783 
 9.59325      -29.9783 
 9.60925      -29.9783 
 9.60925      -28.9783 
 9.62425      -28.9783 
 9.62425      -28.9783 
 9.64025      -27.9783 
 9.65625      -26.9783 
 9.65625      -25.9783 
 9.65625      -25.9783 
 9.67125      -25.9783 
 9.68725      -24.9783 
 9.68725      -24.9783 
 9.70225      -23.9783 
 9.70225      -22.9783 
 9.71825      -21.9783 
 9.71825      -21.9783 
 9.73425      -21.9783 
 9.73425      -20.9783 
 9.74925      -19.9783 
 9.74925      -18.9783 
 9.76525      -17.9783 
 9.76525      -17.9783 
 9.78125      -17.9783 
 9.78125      -16.9783 
 9.79625      -15.9783 
 9.79625      -13.9783 
 9.81225      -13.9783 
 9.81225      -13.9783 
 9.82725      -12.9783 
 9.82725      -11.9783 
 9.84325      -11.9783 
 9.84325      -10.9783 
 9.85925      -9.97826 
 9.85925      -8.97826 
 9.87425      -8.97826 
 9.87425      -8.97826 
 9.89025      -6.97826 
 9.89025      -6.97826 
 9.90625      -4.97826 
 9.90625      -3.97826 
 9.92125      -3.97826 
 9.92125      -2.97826 
 9.93725      -1.97826 
 9.93725      -1.97826 
 9.95225       0.0217438 
 9.96825       1.02174 
 9.96825       1.02174 
 9.96825       1.02174 
 9.98425       2.02174 
 9.99925       3.02174 
 9.99925       4.02174 
 10.0153       5.02174 
 10.0153       6.02174 
 10.0313       7.02174 
 10.0313       7.02174 
 10.0463       8.02174 
 10.0463       8.02174 
 10.0623       10.0217 
 10.0623       10.0217 
 10.0772       12.0217 
 10.0772       12.0217 
 10.0932       12.0217 
 10.0932       13.0217 
 10.1092       14.0217 
 10.1092       14.0217 
 10.1243       15.0217 
 10.1243       16.0217 
 10.1403       17.0217 
 10.1403       17.0217 
 10.1563       18.0217 
 10.1563       19.0217 
 10.1713       20.0217 
 10.1713       20.0217 
 10.1873       21.0217 
 10.1873       21.0217 
 10.2022       20.0217 
 10.2022       22.0217 
 10.2182       23.0217 
 10.2182       24.0217 
 10.2342       24.0217 
 10.2342       25.0217 
 10.2493       25.0217 
 10.2493       25.0217 
 10.2653       26.0217 
 10.2653       27.0217 
 10.2813       28.0217 
 10.2813       28.0217 
 10.2963       28.0217 
 10.3123       29.0217 
 10.3123       29.0217 
 10.3272       30.0217 
 10.3272       30.0217 
 10.3272       30.0217 
 10.3432       31.0217 
 10.3592       31.0217 
 10.3592       31.0217 
 10.3743       32.0217 
 10.3743       32.0217 
 10.3903       32.0217 
 10.3903       33.0217 
 10.4063       33.0217 
 10.4063       33.0217 
 10.4213       33.0217 
 10.4213       34.0217 
 10.4373       34.0217 
 10.4373       33.0217 
 10.4522       34.0217 
 10.4522       34.0217 
 10.4682       34.0217 
 10.4682       34.0217 
 10.4842       35.0217 
 10.4842       35.0217 
 10.4993       34.0217 
 10.4993       34.0217 
 10.5153       34.0217 
 10.5153       37.0217 
 10.5313       35.0217 
 10.5313       34.0217 
 10.5463       34.0217 
 10.5463       34.0217 
 10.5623       34.0217 
 10.5623       34.0217 
 10.5772       34.0217 
 10.5772       34.0217 
 10.5932       34.0217 
 10.5932       32.0217 
 10.6092       33.0217 
 10.6092       33.0217 
 10.6243       32.0217 
 10.6243       32.0217 
 10.6403       32.0217 
 10.6403       32.0217 
 10.6563       31.0217 
 10.6563       31.0217 
 10.6713       30.0217 
 10.6873       30.0217 
 10.6873       30.0217 
 10.7022       30.0217 
 10.7022       29.0217 
 10.7182       29.0217 
 10.7182       30.0217 
 10.7342       27.0217 
 10.7342       27.0217 
 10.7493       27.0217 
 10.7493       27.0217 
 10.7653       26.0217 
 10.7653       25.0217 
 10.7813       24.0217 
 10.7813       23.0217 
 10.7963       24.0217 
 10.7963       23.0217 
 10.8123       23.0217 
 10.8123       21.0217 
 10.8272       21.0217 
 10.8272       20.0217 
 10.8432       19.0217 
 10.8432       19.0217 
 10.8592       19.0217 
 10.8592       18.0217 
 10.8743       16.0217 
 10.8743       17.0217 
 10.8903       16.0217 
 10.8903       15.0217 
 10.9063       15.0217 
 10.9063       14.0217 
 10.9213       14.0217 
 10.9213       13.0217 
 10.9373       12.0217 
 10.9373       12.0217 
 10.9522       11.0217 
 10.9682       9.02174 
 10.9682       10.0217 
 10.9842       8.02174 
 10.9842       8.02174 
 10.9993       7.02174 
 10.9993       7.02174 
 10.9993       7.02174 
 11.0153       6.02174 
 11.0313       4.02174 
 11.0313       4.02174 
 11.0463       2.02174 
 11.0463       3.02174 
 11.0623       2.02174 
 11.0623       1.02174 
 11.0772       0.0217438 
 11.0772       0.0217438 
 11.0932      -0.978256 
 11.0932      -2.97826 
 11.1092      -1.97826 
 11.1092      -2.97826 
 11.1243      -2.97826 
 11.1243      -4.97826 
 11.1403      -5.97826 
 11.1403      -6.97826 
 11.1563      -6.97826 
 11.1563      -7.97826 
 11.1713      -7.97826 
 11.1713      -8.97826 
 11.1873      -9.97826 
 11.1873      -10.9783 
 11.2022      -12.9783 
 11.2022      -10.9783 
 11.2182      -11.9783 
 11.2182      -12.9783 
 11.2342      -13.9783 
 11.2342      -14.9783 
 11.2493      -14.9783 
 11.2493      -14.9783 
 11.2653      -15.9783 
 11.2653      -15.9783 
 11.2813      -16.9783 
 11.2813      -17.9783 
 11.2963      -18.9783 
 11.2963      -18.9783 
 11.3123      -18.9783 
 11.3272      -19.9783 
 11.3272      -19.9783 
 11.3432      -20.9783 
 11.3432      -21.9783 
 11.3592      -21.9783 
 11.3592      -22.9783 
 11.3743      -22.9783 
 11.3743      -22.9783 
 11.3903      -23.9783 
 11.3903      -24.9783 
 11.4063      -25.9783 
 11.4063      -25.9783 
 11.4213      -24.9783 
 11.4213      -24.9783 
 11.4373      -26.9783 
 11.4373      -26.9783 
 11.4522      -26.9783 
 11.4522      -27.9783 
 11.4682      -26.9783 
 11.4682      -27.9783 
 11.4842      -27.9783 
 11.4842      -27.9783 
 11.4993      -28.9783 
 11.4993      -28.9783 
 11.5153      -29.9783 
 11.5153      -26.9783 
 11.5313      -28.9783 
 11.5313      -29.9783 
 11.5463      -29.9783 
 11.5463      -29.9783 
 11.5623      -30.9783 
 11.5623      -29.9783 
 11.5772      -29.9783 
 11.5772      -30.9783 
 11.5932      -30.9783 
 11.5932      -30.9783 
 11.6092      -30.9783 
 11.6092      -30.9783 
 11.6243      -30.9783 
 11.6243      -30.9783 
 11.6403      -30.9783 
 11.6403      -30.9783 
 11.6563      -30.9783 
 11.6563      -30.9783 
 11.6713      -30.9783 
 11.6873      -30.9783 
 11.6873      -29.9783 
 11.7022      -30.9783 
 11.7022      -29.9783 
 11.7182      -29.9783 
 11.7182      -29.9783 
 11.7342      -28.9783 
 11.7342      -28.9783 
 11.7493      -28.9783 
 11.7493      -28.9783 
 11.7653      -28.9783 
 11.7653      -28.9783 
 11.7813      -28.9783 
 11.7813      -27.9783 
 11.7963      -27.9783 
 11.7963      -27.9783 
 11.8123      -26.9783 
 11.8123      -26.9783 
 11.8272      -26.9783 
 11.8272      -25.9783 
 11.8432      -24.9783 
 11.8432      -24.9783 
 11.8592      -24.9783 
 11.8592      -24.9783 
 11.8743      -23.9783 
 11.8743      -23.9783 
 11.8903      -22.9783 
 11.8903      -22.9783 
 11.9063      -21.9783 
 11.9063      -22.9783 
 11.9213      -21.9783 
 11.9213      -21.9783 
 11.9373      -20.9783 
 11.9373      -19.9783 
 11.9522      -18.9783 
 11.9522      -18.9783 
 11.9682      -18.9783 
 11.9842      -17.9783 
 11.9842      -17.9783 
 11.9993      -16.9783 
 11.9993      -17.9783 
 12.0153      -15.9783 
 12.0153      -15.9783 
 12.0313      -14.9783 
 12.0313      -14.9783 
 12.0463      -13.9783 
 12.0463      -12.9783 
 12.0623      -11.9783 
 12.0623      -11.9783 
 12.0772      -11.9783 
 12.0772      -8.97826 
 12.0932      -9.97826 
 12.0932      -8.97826 
 12.1092      -8.97826 
 12.1092      -7.97826 
 12.1243      -7.97826 
 12.1243      -6.97826 
 12.1403      -5.97826 
 12.1403      -4.97826 
 12.1563      -4.97826 
 12.1563      -4.97826 
 12.1713      -2.97826 
 12.1713      -2.97826 
 12.1873      -2.97826 
 12.1873      -1.97826 
 12.2022      -0.978256 
 12.2022       0.0217438 
 12.2182       1.02174 
 12.2182       1.02174 
 12.2342       1.02174 
 12.2342       2.02174 
 12.2493       3.02174 
 12.2493       4.02174 
 12.2653       5.02174 
 12.2653       5.02174 
 12.2813       5.02174 
 12.2963       6.02174 
 12.2963       6.02174 
 12.3123       8.02174 
 12.3123       8.02174 
 12.3272       9.02174 
 12.3272       9.02174 
 12.3432       10.0217 
 12.3432       10.0217 
 12.3592       11.0217 
 12.3592       12.0217 
 12.3743       12.0217 
 12.3743       13.0217 
 12.3903       14.0217 
 12.3903       13.0217 
 12.4063       14.0217 
 12.4063       15.0217 
 12.4213       16.0217 
 12.4213       17.0217 
 12.4373       16.0217 
 12.4373       17.0217 
 12.4522       17.0217 
 12.4522       18.0217 
 12.4682       19.0217 
 12.4682       19.0217 
 12.4842       20.0217 
 12.4842       20.0217 
 12.4993       20.0217 
 12.4993       21.0217 
 12.5153       22.0217 
 12.5153       22.0217 
 12.5313       22.0217 
 12.5313       22.0217 
 12.5463       23.0217 
 12.5463       22.0217 
 12.5623       24.0217 
 12.5623       24.0217 
 12.5772       25.0217 
 12.5772       25.0217 
 12.5932       24.0217 
 12.5932       25.0217 
 12.6092       25.0217 
 12.6243       26.0217 
 12.6243       27.0217 
 12.6403       26.0217 
 12.6403       26.0217 
 12.6563       27.0217 
 12.6563       27.0217 
 12.6713       28.0217 
 12.6713       28.0217 
 12.6873       28.0217 
 12.6873       28.0217 
 12.7022       28.0217 
 12.7022       28.0217 
 12.7182       28.0217 
 12.7182       29.0217 
 12.7342       29.0217 
 12.7342       28.0217 
 12.7493       28.0217 
 12.7493       28.0217 
 12.7653       28.0217 
 12.7653       29.0217 
 12.7813       28.0217 
 12.7813       29.0217 
 12.7963       28.0217 
 12.7963       28.0217 
 12.8123       28.0217 
 12.8123       27.0217 
 12.8272       28.0217 
 12.8272       28.0217 
 12.8432       29.0217 
 12.8432       27.0217 
 12.8592       27.0217 
 12.8592       27.0217 
 12.8743       27.0217 
 12.8743       27.0217 
 12.8903       27.0217 
 12.8903       26.0217 
 12.9063       25.0217 
 12.9063       26.0217 
 12.9213       25.0217 
 12.9213       25.0217 
 12.9373       25.0217 
 12.9522       24.0217 
 12.9522       24.0217 
 12.9682       23.0217 
 12.9682       23.0217 
 12.9682       23.0217 
 12.9842       22.0217 
 12.9842       22.0217 
 12.9993       22.0217 
 13.0153       21.0217 
 13.0153       21.0217 
 13.0313       20.0217 
 13.0313       20.0217 
 13.0463       20.0217 
 13.0463       20.0217 
 13.0623       19.0217 
 13.0623       18.0217 
 13.0772       17.0217 
 13.0772       17.0217 
 13.0932       17.0217 
 13.0932       17.0217 
 13.1092       15.0217 
 13.1092       15.0217 
 13.1243       14.0217 
 13.1243       14.0217 
 13.1403       14.0217 
 13.1403       14.0217 
 13.1563       13.0217 
 13.1563       12.0217 
 13.1713       12.0217 
 13.1713       11.0217 
 13.1873       10.0217 
 13.1873       10.0217 
 13.2022       9.02174 
 13.2022       9.02174 
 13.2182       8.02174 
 13.2182       7.02174 
 13.2342       7.02174 
 13.2342       6.02174 
 13.2493       6.02174 
 13.2493       6.02174 
 13.2653       5.02174 
 13.2653       4.02174 
 13.2813       2.02174 
 13.2963       3.02174 
 13.2963       3.02174 
 13.3123       2.02174 
 13.3123       2.02174 
 13.3272      -0.978256 
 13.3272       0.0217438 
 13.3432      -0.978256 
 13.3432      -0.978256 
 13.3592      -1.97826 
 13.3592      -2.97826 
 13.3743      -2.97826 
 13.3743      -2.97826 
 13.3903      -3.97826 
 13.3903      -3.97826 
 13.4063      -4.97826 
 13.4063      -5.97826 
 13.4213      -5.97826 
 13.4213      -6.97826 
 13.4373      -7.97826 
 13.4373      -9.97826 
 13.4522      -7.97826 
 13.4522      -8.97826 
 13.4682      -8.97826 
 13.4682      -10.9783 
 13.4842      -10.9783 
 13.4842      -11.9783 
 13.4993      -11.9783 
 13.4993      -11.9783 
 13.5153      -11.9783 
 13.5153      -12.9783 
 13.5313      -13.9783 
 13.5313      -14.9783 
 13.5463      -14.9783 
 13.5463      -14.9783 
 13.5623      -14.9783 
 13.5623      -15.9783 
 13.5772      -16.9783 
 13.5772      -16.9783 
 13.5932      -16.9783 
 13.5932      -16.9783 
 13.6092      -17.9783 
 13.6092      -17.9783 
 13.6243      -18.9783 
 13.6243      -18.9783 
 13.6403      -18.9783 
 13.6563      -19.9783 
 13.6563      -19.9783 
 13.6563      -19.9783 
 13.6713      -19.9783 
 13.6873      -20.9783 
 13.6873      -21.9783 
 13.7022      -21.9783 
 13.7022      -21.9783 
 13.7182      -21.9783 
 13.7182      -21.9783 
 13.7342      -22.9783 
 13.7342      -22.9783 
 13.7493      -23.9783 
 13.7493      -23.9783 
 13.7653      -23.9783 
 13.7653      -23.9783 
 13.7813      -23.9783 
 13.7813      -23.9783 
 13.7963      -24.9783 
 13.7963      -24.9783 
 13.8123      -23.9783 
 13.8123      -23.9783 
 13.8272      -24.9783 
 13.8272      -24.9783 
 13.8432      -24.9783 
 13.8432      -24.9783 
 13.8592      -24.9783 
 13.8592      -24.9783 
 13.8743      -24.9783 
 13.8743      -24.9783 
 13.8903      -24.9783 
 13.8903      -25.9783 
 13.9063      -25.9783 
 13.9063      -24.9783 
 13.9213      -24.9783 
 13.9213      -24.9783 
 13.9373      -24.9783 
 13.9373      -24.9783 
 13.9522      -25.9783 
 13.9522      -24.9783 
 13.9682      -23.9783 
 13.9682      -23.9783 
 13.9842      -23.9783 
 13.9842      -23.9783 
 13.9993      -23.9783 
 13.9993      -23.9783 
 14.0153      -23.9783 
 14.0313      -22.9783 
 14.0313      -22.9783 
 14.0463      -22.9783 
 14.0463      -22.9783 
 14.0623      -22.9783 
 14.0623      -22.9783 
 14.0772      -21.9783 
 14.0772      -21.9783 
 14.0932      -20.9783 
 14.0932      -20.9783 
 14.1092      -20.9783 
 14.1092      -20.9783 
 14.1243      -19.9783 
 14.1243      -19.9783 
 14.1403      -19.9783 
 14.1403      -18.9783 
 14.1563      -18.9783 
 14.1563      -18.9783 
 14.1713      -17.9783 
 14.1713      -16.9783 
 14.1873      -16.9783 
 14.1873      -16.9783 
 14.2022      -16.9783 
 14.2022      -15.9783 
 14.2182      -15.9783 
 14.2182      -14.9783 
 14.2342      -14.9783 
 14.2342      -13.9783 
 14.2493      -13.9783 
 14.2493      -13.9783 
 14.2653      -12.9783 
 14.2653      -12.9783 
 14.2813      -11.9783 
 14.2813      -11.9783 
 14.2963      -10.9783 
 14.2963      -10.9783 
 14.3123      -10.9783 
 14.3272      -9.97826 
 14.3272      -8.97826 
 14.3272      -8.97826 
 14.3432      -7.97826 
 14.3592      -7.97826 
 14.3592      -7.97826 
 14.3743      -6.97826 
 14.3743      -6.97826 
 14.3903      -4.97826 
 14.3903      -4.97826 
 14.4063      -4.97826 
 14.4063      -3.97826 
 14.4213      -3.97826 
 14.4213      -2.97826 
 14.4373      -1.97826 
 14.4373      -1.97826 
 14.4522      -0.978256 
 14.4522      -0.978256 
 14.4682      -0.978256 
 14.4682       0.0217438 
 14.4842       0.0217438 
 14.4842       2.02174 
 14.4993       2.02174 
 14.4993       2.02174 
 14.5153       3.02174 
 14.5153       3.02174 
 14.5313       4.02174 
 14.5313       4.02174 
 14.5463       5.02174 
 14.5463       5.02174 
 14.5623       6.02174 
 14.5623       6.02174 
 14.5772       7.02174 
 14.5772       7.02174 
 14.5932       8.02174 
 14.5932       9.02174 
 14.6092       9.02174 
 14.6092       9.02174 
 14.6243       10.0217 
 14.6243       10.0217 
 14.6403       11.0217 
 14.6403       11.0217 
 14.6563       11.0217 
 14.6713       12.0217 
 14.6713       12.0217 
 14.6873       13.0217 
 14.6873       13.0217 
 14.7022       14.0217 
 14.7022       14.0217 
 14.7182       15.0217 
 14.7182       15.0217 
 14.7342       15.0217 
 14.7342       15.0217 
 14.7493       15.0217 
 14.7493       17.0217 
 14.7653       17.0217 
 14.7653       17.0217 
 14.7813       17.0217 
 14.7813       17.0217 
 14.7963       18.0217 
 14.7963       18.0217 
 14.8123       19.0217 
 14.8123       19.0217 
 14.8272       19.0217 
 14.8272       19.0217 
 14.8432       20.0217 
 14.8432       20.0217 
 14.8592       20.0217 
 14.8592       21.0217 
 14.8743       21.0217 
 14.8743       21.0217 
 14.8903       21.0217 
 14.8903       21.0217 
 14.9063       22.0217 
 14.9063       22.0217 
 14.9213       22.0217 
 14.9213       22.0217 
 14.9373       22.0217 
 14.9373       22.0217 
 14.9522       22.0217 
 14.9522       22.0217 
 14.9682       22.0217 
 14.9682       22.0217 
 14.9842       22.0217 
 14.9842       22.0217 
 14.9993       22.0217 
 15.0153       23.0217 
