 0.015375      9.0217 
 0.015375      9.0217 
 0.030375      9.0217 
 0.046375      10.0217 
 0.046375      9.0217 
 0.062375      10.0217 
 0.062375      10.0217 
 0.077375      9.0217 
 0.077375      10.0217 
 0.093375      10.0217 
 0.093375      11.0217 
 0.109375      10.0217 
 0.109375      11.0217 
 0.124375      11.0217 
 0.124375      10.0217 
 0.140375      11.0217 
 0.140375      11.0217 
 0.155375      12.0217 
 0.155375      11.0217 
 0.171375      11.0217 
 0.171375      11.0217 
 0.187375      11.0217 
 0.187375      11.0217 
 0.202375      11.0217 
 0.202375      12.0217 
 0.218375      11.0217 
 0.218375      12.0217 
 0.234375      12.0217 
 0.234375      11.0217 
 0.249375      12.0217 
 0.249375      11.0217 
 0.265375      12.0217 
 0.265375      13.0217 
 0.280375      11.0217 
 0.280375      11.0217 
 0.296375      11.0217 
 0.296375      10.0217 
 0.312375      12.0217 
 0.312375      11.0217 
 0.327375      11.0217 
 0.327375      11.0217 
 0.343375      11.0217 
 0.359375      10.0217 
 0.359375      10.0217 
 0.374375      11.0217 
 0.374375      10.0217 
 0.374375      10.0217 
 0.390375      10.0217 
 0.405375      8.0217 
 0.405375      10.0217 
 0.405375      10.0217 
 0.421375      9.0217 
 0.437375      10.0217 
 0.437375      9.0217 
 0.452375      9.0217 
 0.452375      9.0217 
 0.468375      9.0217 
 0.468375      9.0217 
 0.484375      9.0217 
 0.484375      9.0217 
 0.499375      9.0217 
 0.499375      9.0217 
 0.515375      7.0217 
 0.515375      9.0217 
 0.530375      8.0217 
 0.530375      8.0217 
 0.546375      7.0217 
 0.546375      8.0217 
 0.562375      7.0217 
 0.562375      5.0217 
 0.577375      7.0217 
 0.577375      7.0217 
 0.593375      6.0217 
 0.593375      6.0217 
 0.609375      6.0217 
 0.609375      5.0217 
 0.624375      5.0217 
 0.624375      5.0217 
 0.640375      5.0217 
 0.640375      5.0217 
 0.655375      4.0217 
 0.655375      3.0217 
 0.671375      4.0217 
 0.671375      3.0217 
 0.687375      3.0217 
 0.687375      3.0217 
 0.702375      3.0217 
 0.718375      2.0217 
 0.718375      2.0217 
 0.718375      2.0217 
 0.734375      2.0217 
 0.734375      2.0217 
 0.749375      2.0217 
 0.765375      1.0217 
 0.765375      1.0217 
 0.780375      1.0217 
 0.780375      0.021698 
 0.796375     -0.978302 
 0.796375      0.021698 
 0.812375     -0.978302 
 0.812375     -0.978302 
 0.827375     -0.978302 
 0.827375     -3.9783 
 0.843375     -1.9783 
 0.843375     -1.9783 
 0.859375     -1.9783 
 0.859375     -2.9783 
 0.874375     -2.9783 
 0.874375     -3.9783 
 0.890375     -3.9783 
 0.890375     -3.9783 
 0.905375     -2.9783 
 0.905375     -4.9783 
 0.921375     -3.9783 
 0.921375     -4.9783 
 0.937375     -4.9783 
 0.937375     -5.9783 
 0.952375     -6.9783 
 0.952375     -5.9783 
 0.968375     -5.9783 
 0.968375     -7.9783 
 0.984375     -6.9783 
 0.984375     -6.9783 
 0.999375     -7.9783 
 0.999375     -7.9783 
 1.01537      -7.9783 
 1.01537      -7.9783 
 1.03038      -8.9783 
 1.03038      -8.9783 
 1.04638      -8.9783 
 1.06238      -9.9783 
 1.06238      -9.9783 
 1.06238      -9.9783 
 1.07738      -9.9783 
 1.07738      -9.9783 
 1.09338      -10.9783 
 1.10938      -10.9783 
 1.10938      -11.9783 
 1.12437      -11.9783 
 1.12437      -11.9783 
 1.14037      -11.9783 
 1.14037      -12.9783 
 1.15538      -11.9783 
 1.15538      -12.9783 
 1.17138      -12.9783 
 1.17138      -12.9783 
 1.18738      -13.9783 
 1.18738      -13.9783 
 1.20238      -13.9783 
 1.20238      -13.9783 
 1.21838      -13.9783 
 1.21838      -14.9783 
 1.23438      -14.9783 
 1.23438      -14.9783 
 1.24937      -14.9783 
 1.24937      -15.9783 
 1.26537      -15.9783 
 1.26537      -15.9783 
 1.28038      -16.9783 
 1.28038      -15.9783 
 1.29638      -16.9783 
 1.29638      -15.9783 
 1.31238      -16.9783 
 1.31238      -16.9783 
 1.32738      -16.9783 
 1.32738      -16.9783 
 1.34338      -15.9783 
 1.34338      -16.9783 
 1.35938      -16.9783 
 1.35938      -16.9783 
 1.37437      -16.9783 
 1.39037      -17.9783 
 1.39037      -17.9783 
 1.39037      -17.9783 
 1.40538      -17.9783 
 1.40538      -17.9783 
 1.42138      -17.9783 
 1.43738      -17.9783 
 1.43738      -17.9783 
 1.45238      -17.9783 
 1.45238      -17.9783 
 1.46838      -18.9783 
 1.46838      -17.9783 
 1.48438      -17.9783 
 1.48438      -16.9783 
 1.49937      -18.9783 
 1.49937      -18.9783 
 1.51537      -18.9783 
 1.51537      -18.9783 
 1.53038      -18.9783 
 1.53038      -17.9783 
 1.54638      -18.9783 
 1.54638      -16.9783 
 1.56238      -23.9783 
 1.56238      -16.9783 
 1.57738      -18.9783 
 1.57738      -18.9783 
 1.59338      -18.9783 
 1.59338      -17.9783 
 1.60938      -18.9783 
 1.60938      -17.9783 
 1.62437      -18.9783 
 1.62437      -16.9783 
 1.64037      -17.9783 
 1.64037      -17.9783 
 1.65538      -18.9783 
 1.65538      -17.9783 
 1.67138      -17.9783 
 1.67138      -17.9783 
 1.68738      -17.9783 
 1.68738      -16.9783 
 1.70238      -16.9783 
 1.70238      -16.9783 
 1.71838      -16.9783 
 1.71838      -16.9783 
 1.73438      -16.9783 
 1.74937      -15.9783 
 1.74937      -16.9783 
 1.76537      -16.9783 
 1.76537      -16.9783 
 1.78038      -15.9783 
 1.78038      -15.9783 
 1.79638      -14.9783 
 1.79638      -15.9783 
 1.81238      -14.9783 
 1.81238      -14.9783 
 1.82738      -14.9783 
 1.82738      -14.9783 
 1.84338      -14.9783 
 1.84338      -14.9783 
 1.85938      -13.9783 
 1.85938      -13.9783 
 1.87437      -13.9783 
 1.87437      -12.9783 
 1.89037      -13.9783 
 1.89037      -12.9783 
 1.90538      -12.9783 
 1.90538      -11.9783 
 1.92138      -11.9783 
 1.92138      -11.9783 
 1.93738      -11.9783 
 1.93738      -10.9783 
 1.95238      -8.9783 
 1.95238      -10.9783 
 1.96838      -10.9783 
 1.96838      -9.9783 
 1.98438      -9.9783 
 1.98438      -8.9783 
 1.99937      -9.9783 
 1.99937      -9.9783 
 2.01538      -8.9783 
 2.01538      -7.9783 
 2.03037      -7.9783 
 2.04637      -9.9783 
 2.04637      -7.9783 
 2.04637      -7.9783 
 2.06237      -6.9783 
 2.06237      -6.9783 
 2.07738      -7.9783 
 2.09338      -6.9783 
 2.09338      -5.9783 
 2.10938      -5.9783 
 2.10938      -3.9783 
 2.12438      -5.9783 
 2.12438      -5.9783 
 2.14038      -3.9783 
 2.14038      -4.9783 
 2.15537      -3.9783 
 2.15537      -3.9783 
 2.17137      -3.9783 
 2.17137      -3.9783 
 2.18737      -2.9783 
 2.18737      -3.9783 
 2.20238      -2.9783 
 2.20238      -1.9783 
 2.21838      -1.9783 
 2.21838      -0.978302 
 2.23438      -0.978302 
 2.23438      -0.978302 
 2.24938       0.021698 
 2.24938       0.021698 
 2.26538       0.021698 
 2.26538       0.021698 
 2.28037       1.0217 
 2.28037       1.0217 
 2.29637       1.0217 
 2.29637       2.0217 
 2.31237       1.0217 
 2.31237       2.0217 
 2.32738       0.021698 
 2.32738       3.0217 
 2.34338       4.0217 
 2.34338       3.0217 
 2.35938       4.0217 
 2.37438       5.0217 
 2.37438       4.0217 
 2.39038       5.0217 
 2.39038       5.0217 
 2.39038       5.0217 
 2.40537       5.0217 
 2.40537       5.0217 
 2.42137       6.0217 
 2.43737       6.0217 
 2.43737       6.0217 
 2.45238       6.0217 
 2.45238       7.0217 
 2.46838       6.0217 
 2.46838       7.0217 
 2.48438       7.0217 
 2.48438       7.0217 
 2.49938       7.0217 
 2.49938       8.0217 
 2.51538       8.0217 
 2.51538       8.0217 
 2.53037       8.0217 
 2.53037       10.0217 
 2.54637       9.0217 
 2.54637       9.0217 
 2.56237       9.0217 
 2.56237       9.0217 
 2.57738       10.0217 
 2.57738       10.0217 
 2.59338       10.0217 
 2.59338       9.0217 
 2.60938       10.0217 
 2.60938       11.0217 
 2.62438       10.0217 
 2.62438       10.0217 
 2.64038       10.0217 
 2.64038       10.0217 
 2.65537       10.0217 
 2.65537       10.0217 
 2.67137       11.0217 
 2.67137       11.0217 
 2.68737       11.0217 
 2.68737       11.0217 
 2.70238       11.0217 
 2.70238       11.0217 
 2.71838       10.0217 
 2.73438       11.0217 
 2.73438       11.0217 
 2.73438       11.0217 
 2.74938       11.0217 
 2.76538       11.0217 
 2.76538       10.0217 
 2.78037       11.0217 
 2.78037       11.0217 
 2.79637       10.0217 
 2.79637       11.0217 
 2.81237       12.0217 
 2.81237       12.0217 
 2.82738       11.0217 
 2.82738       12.0217 
 2.84338       11.0217 
 2.84338       11.0217 
 2.85938       11.0217 
 2.85938       11.0217 
 2.87438       12.0217 
 2.87438       11.0217 
 2.89038       11.0217 
 2.89038       13.0217 
 2.90537       11.0217 
 2.90537       12.0217 
 2.92137       10.0217 
 2.92137       10.0217 
 2.93737       12.0217 
 2.93737       10.0217 
 2.95238       9.0217 
 2.95238       10.0217 
 2.96838       10.0217 
 2.96838       10.0217 
 2.98438       9.0217 
 2.98438       9.0217 
 2.99938       9.0217 
 2.99938       8.0217 
 3.01538       9.0217 
 3.01538       9.0217 
 3.03037       9.0217 
 3.04637       8.0217 
 3.04637       8.0217 
 3.04637       8.0217 
 3.06237       9.0217 
 3.07738       7.0217 
 3.07738       7.0217 
 3.07738       7.0217 
 3.09338       7.0217 
 3.10938       6.0217 
 3.10938       5.0217 
 3.12438       6.0217 
 3.12438       6.0217 
 3.14038       5.0217 
 3.14038       5.0217 
 3.15537       5.0217 
 3.15537       5.0217 
 3.17137       5.0217 
 3.17137       5.0217 
 3.18737       5.0217 
 3.18737       5.0217 
 3.20238       4.0217 
 3.20238       4.0217 
 3.21838       4.0217 
 3.21838       4.0217 
 3.23438       3.0217 
 3.23438       3.0217 
 3.24938       2.0217 
 3.24938       4.0217 
 3.26538       2.0217 
 3.26538       2.0217 
 3.28037       2.0217 
 3.28037       2.0217 
 3.29637       1.0217 
 3.29637       1.0217 
 3.31237       1.0217 
 3.31237       0.021698 
 3.32738       1.0217 
 3.32738       0.021698 
 3.34338       0.021698 
 3.34338      -0.978302 
 3.35938      -0.978302 
 3.35938      -0.978302 
 3.37438      -1.9783 
 3.37438      -1.9783 
 3.39038      -1.9783 
 3.40537      -2.9783 
 3.40537      -2.9783 
 3.40537      -2.9783 
 3.42137      -3.9783 
 3.43737      -3.9783 
 3.43737      -3.9783 
 3.45238      -4.9783 
 3.45238      -4.9783 
 3.46838      -4.9783 
 3.46838      -4.9783 
 3.48438      -5.9783 
 3.48438      -5.9783 
 3.49938      -4.9783 
 3.49938      -6.9783 
 3.51538      -7.9783 
 3.51538      -6.9783 
 3.53037      -7.9783 
 3.53037      -4.9783 
 3.54637      -6.9783 
 3.54637      -7.9783 
 3.56237      -6.9783 
 3.56237      -7.9783 
 3.57738      -9.9783 
 3.57738      -8.9783 
 3.59338      -8.9783 
 3.59338      -9.9783 
 3.60938      -9.9783 
 3.60938      -10.9783 
 3.62438      -10.9783 
 3.62438      -10.9783 
 3.64038      -10.9783 
 3.64038      -10.9783 
 3.65537      -11.9783 
 3.65537      -11.9783 
 3.67137      -11.9783 
 3.67137      -11.9783 
 3.68737      -11.9783 
 3.68737      -11.9783 
 3.70238      -12.9783 
 3.70238      -12.9783 
 3.71838      -12.9783 
 3.73438      -13.9783 
 3.73438      -13.9783 
 3.73438      -13.9783 
 3.74938      -13.9783 
 3.76538      -14.9783 
 3.76538      -14.9783 
 3.78037      -14.9783 
 3.78037      -14.9783 
 3.79637      -14.9783 
 3.79637      -14.9783 
 3.81237      -14.9783 
 3.81237      -14.9783 
 3.82738      -15.9783 
 3.82738      -15.9783 
 3.84338      -15.9783 
 3.84338      -15.9783 
 3.85938      -15.9783 
 3.85938      -16.9783 
 3.87438      -17.9783 
 3.87438      -16.9783 
 3.89038      -16.9783 
 3.89038      -16.9783 
 3.90537      -16.9783 
 3.90537      -16.9783 
 3.92137      -17.9783 
 3.92137      -16.9783 
 3.93737      -17.9783 
 3.93737      -17.9783 
 3.95238      -17.9783 
 3.95238      -17.9783 
 3.96838      -17.9783 
 3.96838      -17.9783 
 3.98438      -18.9783 
 3.98438      -18.9783 
 3.99938      -16.9783 
 3.99938      -18.9783 
 4.01537      -18.9783 
 4.01537      -18.9783 
 4.03038      -18.9783 
 4.03038      -18.9783 
 4.04638      -18.9783 
 4.04638      -18.9783 
 4.06238      -18.9783 
 4.06238      -18.9783 
 4.07738      -18.9783 
 4.09338      -18.9783 
 4.09338      -17.9783 
 4.10938      -18.9783 
 4.10938      -18.9783 
 4.12437      -18.9783 
 4.12437      -18.9783 
 4.14037      -18.9783 
 4.14037      -18.9783 
 4.15538      -17.9783 
 4.15538      -17.9783 
 4.17138      -18.9783 
 4.17138      -17.9783 
 4.18738      -17.9783 
 4.18738      -17.9783 
 4.20238      -17.9783 
 4.20238      -16.9783 
 4.21838      -15.9783 
 4.21838      -17.9783 
 4.23438      -17.9783 
 4.23438      -17.9783 
 4.24937      -16.9783 
 4.24937      -17.9783 
 4.26537      -16.9783 
 4.26537      -16.9783 
 4.28038      -16.9783 
 4.28038      -15.9783 
 4.29638      -15.9783 
 4.29638      -15.9783 
 4.31238      -15.9783 
 4.31238      -14.9783 
 4.32738      -15.9783 
 4.32738      -14.9783 
 4.34338      -14.9783 
 4.34338      -14.9783 
 4.35938      -14.9783 
 4.35938      -14.9783 
 4.37437      -14.9783 
 4.39037      -13.9783 
 4.39037      -13.9783 
 4.39037      -13.9783 
 4.40538      -13.9783 
 4.40538      -13.9783 
 4.42138      -12.9783 
 4.43738      -12.9783 
 4.43738      -12.9783 
 4.45238      -12.9783 
 4.45238      -11.9783 
 4.46838      -11.9783 
 4.46838      -11.9783 
 4.48438      -11.9783 
 4.48438      -10.9783 
 4.49937      -10.9783 
 4.49937      -10.9783 
 4.51537      -7.9783 
 4.51537      -9.9783 
 4.53038      -8.9783 
 4.53038      -9.9783 
 4.54638      -9.9783 
 4.54638      -9.9783 
 4.56238      -8.9783 
 4.56238      -7.9783 
 4.57738      -7.9783 
 4.57738      -7.9783 
 4.59338      -5.9783 
 4.59338      -6.9783 
 4.60938      -6.9783 
 4.60938      -6.9783 
 4.62437      -6.9783 
 4.62437      -5.9783 
 4.64037      -6.9783 
 4.64037      -5.9783 
 4.65538      -5.9783 
 4.65538      -5.9783 
 4.67138      -5.9783 
 4.67138      -4.9783 
 4.68738      -3.9783 
 4.68738      -3.9783 
 4.70238      -3.9783 
 4.71838      -2.9783 
 4.71838      -2.9783 
 4.73438      -1.9783 
 4.73438      -1.9783 
 4.73438      -1.9783 
 4.74937      -1.9783 
 4.76537      -0.978302 
 4.76537      -0.978302 
 4.78038       1.0217 
 4.78038       0.021698 
 4.79638       0.021698 
 4.79638       0.021698 
 4.81238      -4.9783 
 4.81238       2.0217 
 4.82738       1.0217 
 4.82738       1.0217 
 4.84338       1.0217 
 4.84338       2.0217 
 4.85938       2.0217 
 4.85938       2.0217 
 4.87437       2.0217 
 4.87437       2.0217 
 4.89037       3.0217 
 4.89037       3.0217 
 4.90538       4.0217 
 4.90538       4.0217 
 4.92138       3.0217 
 4.92138       4.0217 
 4.93738       4.0217 
 4.93738       5.0217 
 4.95238       5.0217 
 4.95238       4.0217 
 4.96838       5.0217 
 4.96838       5.0217 
 4.98438       6.0217 
 4.98438       6.0217 
 4.99937       6.0217 
 4.99937       7.0217 
 5.01537       7.0217 
 5.01537       7.0217 
 5.03038       6.0217 
 5.04638       8.0217 
 5.04638       8.0217 
 5.04638       8.0217 
 5.06238       9.0217 
 5.07738       8.0217 
 5.07738       9.0217 
 5.09338       8.0217 
 5.09338       9.0217 
 5.10938       9.0217 
 5.10938       9.0217 
 5.12437       9.0217 
 5.12437       10.0217 
 5.14037       10.0217 
 5.14037       10.0217 
 5.15538       10.0217 
 5.15538       10.0217 
 5.17138       10.0217 
 5.17138       10.0217 
 5.18738       11.0217 
 5.18738       10.0217 
 5.20238       11.0217 
 5.20238       11.0217 
 5.21838       11.0217 
 5.21838       11.0217 
 5.23438       10.0217 
 5.23438       11.0217 
 5.24937       11.0217 
 5.24937       11.0217 
 5.26537       11.0217 
 5.26537       12.0217 
 5.28038       11.0217 
 5.28038       11.0217 
 5.29638       11.0217 
 5.29638       9.0217 
 5.31238       11.0217 
 5.31238       11.0217 
 5.32738       12.0217 
 5.32738       11.0217 
 5.34338       11.0217 
 5.34338       13.0217 
 5.35938       11.0217 
 5.35938       11.0217 
 5.37437       10.0217 
 5.39037       12.0217 
 5.39037       11.0217 
 5.39037       11.0217 
 5.40538       12.0217 
 5.42138       11.0217 
 5.42138       11.0217 
 5.43738       11.0217 
 5.43738       11.0217 
 5.45238       11.0217 
 5.45238       11.0217 
 5.46838       11.0217 
 5.46838       11.0217 
 5.48438       11.0217 
 5.48438       10.0217 
 5.49937       10.0217 
 5.49937       10.0217 
 5.51537       10.0217 
 5.51537       10.0217 
 5.53038       10.0217 
 5.53038       10.0217 
 5.54638       9.0217 
 5.54638       9.0217 
 5.56238       9.0217 
 5.56238       9.0217 
 5.57738       9.0217 
 5.57738       9.0217 
 5.59338       8.0217 
 5.59338       8.0217 
 5.60938       8.0217 
 5.60938       8.0217 
 5.62437       8.0217 
 5.62437       7.0217 
 5.64037       7.0217 
 5.64037       7.0217 
 5.65538       7.0217 
 5.65538       1.0217 
 5.67138       6.0217 
 5.67138       3.0217 
 5.68738       6.0217 
 5.70238       5.0217 
 5.70238       5.0217 
 5.70238       5.0217 
 5.71838       4.0217 
 5.71838       4.0217 
 5.73438       4.0217 
 5.73438       4.0217 
 5.74937       4.0217 
 5.76537      -1.9783 
 5.76537       3.0217 
 5.78038       3.0217 
 5.78038       2.0217 
 5.79638       3.0217 
 5.79638       2.0217 
 5.81238       2.0217 
 5.81238       2.0217 
 5.82738       1.0217 
 5.82738       1.0217 
 5.84338       1.0217 
 5.84338       0.021698 
 5.85938       1.0217 
 5.85938       1.0217 
 5.87437       0.021698 
 5.87437       0.021698 
 5.89037       0.021698 
 5.89037       0.021698 
 5.90538      -0.978302 
 5.90538      -0.978302 
 5.92138      -1.9783 
 5.92138      -1.9783 
 5.93738      -2.9783 
 5.93738      -2.9783 
 5.95238      -2.9783 
 5.95238      -2.9783 
 5.96838      -3.9783 
 5.96838      -3.9783 
 5.98438      -4.9783 
 5.98438      -4.9783 
 5.99937      -4.9783 
 5.99937      -4.9783 
 6.01537      -5.9783 
 6.01537      -5.9783 
 6.03038      -5.9783 
 6.03038      -5.9783 
 6.04638      -5.9783 
 6.06238      -6.9783 
 6.06238      -6.9783 
 6.06238      -6.9783 
 6.07738      -7.9783 
 6.09338      -7.9783 
 6.09338      -7.9783 
 6.10938      -7.9783 
 6.10938      -7.9783 
 6.12437      -10.9783 
 6.12437      -8.9783 
 6.14037      -8.9783 
 6.14037      -9.9783 
 6.15538      -9.9783 
 6.15538      -9.9783 
 6.17138      -9.9783 
 6.17138      -10.9783 
 6.18738      -10.9783 
 6.18738      -10.9783 
 6.20238      -11.9783 
 6.20238      -11.9783 
 6.21838      -11.9783 
 6.21838      -11.9783 
 6.23438      -11.9783 
 6.23438      -11.9783 
 6.24937      -13.9783 
 6.24937      -12.9783 
 6.26537      -11.9783 
 6.26537      -12.9783 
 6.28038      -12.9783 
 6.28038      -13.9783 
 6.29638      -14.9783 
 6.29638      -13.9783 
 6.31238      -14.9783 
 6.31238      -14.9783 
 6.32738      -14.9783 
 6.32738      -15.9783 
 6.34338      -14.9783 
 6.34338      -14.9783 
 6.35938      -15.9783 
 6.37437      -19.9783 
 6.37437      -14.9783 
 6.39037      -15.9783 
 6.39037      -15.9783 
 6.40538      -16.9783 
 6.40538      -16.9783 
 6.40538      -16.9783 
 6.42138      -15.9783 
 6.43738      -16.9783 
 6.43738      -16.9783 
 6.45238      -16.9783 
 6.45238      -16.9783 
 6.46838      -16.9783 
 6.46838      -17.9783 
 6.48438      -17.9783 
 6.48438      -14.9783 
 6.49937      -17.9783 
 6.49937      -17.9783 
 6.51537      -17.9783 
 6.51537      -18.9783 
 6.53038      -18.9783 
 6.53038      -18.9783 
 6.54638      -17.9783 
 6.54638      -18.9783 
 6.56238      -18.9783 
 6.56238      -17.9783 
 6.57738      -20.9783 
 6.57738      -18.9783 
 6.59338      -17.9783 
 6.59338      -18.9783 
 6.60938      -18.9783 
 6.60938      -17.9783 
 6.62437      -18.9783 
 6.62437      -18.9783 
 6.64037      -18.9783 
 6.64037      -18.9783 
 6.65538      -18.9783 
 6.65538      -23.9783 
 6.67138      -17.9783 
 6.67138      -18.9783 
 6.68738      -17.9783 
 6.68738      -18.9783 
 6.70238      -18.9783 
 6.71838      -17.9783 
 6.71838      -18.9783 
 6.73438      -17.9783 
 6.73438      -17.9783 
 6.73438      -17.9783 
 6.74937      -16.9783 
 6.76537      -17.9783 
 6.76537      -16.9783 
 6.78038      -17.9783 
 6.78038      -17.9783 
 6.79638      -16.9783 
 6.79638      -16.9783 
 6.81238      -16.9783 
 6.81238      -16.9783 
 6.82738      -16.9783 
 6.82738      -15.9783 
 6.84338      -16.9783 
 6.84338      -15.9783 
 6.85938      -15.9783 
 6.85938      -15.9783 
 6.87437      -15.9783 
 6.87437      -14.9783 
 6.89037      -14.9783 
 6.89037      -14.9783 
 6.90538      -14.9783 
 6.90538      -14.9783 
 6.92138      -14.9783 
 6.92138      -13.9783 
 6.93738      -13.9783 
 6.93738      -12.9783 
 6.95238      -13.9783 
 6.95238      -12.9783 
 6.96838      -13.9783 
 6.96838      -12.9783 
 6.98438      -13.9783 
 6.98438      -12.9783 
 6.99937      -12.9783 
 6.99937      -11.9783 
 7.01537      -11.9783 
 7.01537      -11.9783 
 7.03038      -11.9783 
 7.04638      -10.9783 
 7.04638      -10.9783 
 7.04638      -10.9783 
 7.06238      -9.9783 
 7.06238      -9.9783 
 7.07738      -9.9783 
 7.09338      -9.9783 
 7.09338      -9.9783 
 7.10938      -9.9783 
 7.10938      -8.9783 
 7.12437      -8.9783 
 7.12437      -7.9783 
 7.14037      -7.9783 
 7.14037      -7.9783 
 7.15538      -7.9783 
 7.15538      -7.9783 
 7.17138      -6.9783 
 7.17138      -5.9783 
 7.18738      -5.9783 
 7.18738      -5.9783 
 7.20238      -5.9783 
 7.20238      -3.9783 
 7.21838      -4.9783 
 7.21838      -5.9783 
 7.23438      -4.9783 
 7.23438      -4.9783 
 7.24937      -3.9783 
 7.24937      -3.9783 
 7.26537      -4.9783 
 7.26537      -2.9783 
 7.28038      -2.9783 
 7.28038      -2.9783 
 7.29638      -1.9783 
 7.29638      -2.9783 
 7.31238      -1.9783 
 7.31238      -0.978302 
 7.32738      -0.978302 
 7.32738       0.021698 
 7.34338       0.021698 
 7.34338       0.021698 
 7.35938       0.021698 
 7.37437       1.0217 
 7.37437       1.0217 
 7.37437       1.0217 
 7.39037       1.0217 
 7.40538       2.0217 
 7.40538       2.0217 
 7.42138       3.0217 
 7.42138       3.0217 
 7.43738       3.0217 
 7.43738       3.0217 
 7.45238       4.0217 
 7.45238       4.0217 
 7.46838       4.0217 
 7.46838       5.0217 
 7.48438       4.0217 
 7.48438       5.0217 
 7.49937       5.0217 
 7.49937       5.0217 
 7.51537       7.0217 
 7.51537       6.0217 
 7.53038       6.0217 
 7.53038       6.0217 
 7.54638       6.0217 
 7.54638       7.0217 
 7.56238       7.0217 
 7.56238       7.0217 
 7.57738       8.0217 
 7.57738       7.0217 
 7.59338       9.0217 
 7.59338       8.0217 
 7.60938       8.0217 
 7.60938       8.0217 
 7.62437       11.0217 
 7.62437       9.0217 
 7.64037       8.0217 
 7.64037       9.0217 
 7.65538       9.0217 
 7.65538       8.0217 
 7.67138       9.0217 
 7.67138       9.0217 
 7.68738       9.0217 
 7.68738       9.0217 
 7.70238       9.0217 
 7.71838       10.0217 
 7.71838       9.0217 
 7.71838       9.0217 
 7.73438       10.0217 
 7.73438       10.0217 
 7.74937       8.0217 
 7.76537       10.0217 
 7.76537       10.0217 
 7.78038       10.0217 
 7.78038       10.0217 
 7.79638       11.0217 
 7.79638       11.0217 
 7.81238       11.0217 
 7.81238       12.0217 
 7.82738       13.0217 
 7.82738       12.0217 
 7.84338       11.0217 
 7.84338       11.0217 
 7.85938       11.0217 
 7.85938       11.0217 
 7.87437       11.0217 
 7.87437       12.0217 
 7.89037       11.0217 
 7.89037       11.0217 
 7.90538       11.0217 
 7.90538       12.0217 
 7.92138       11.0217 
 7.92138       11.0217 
 7.93738       11.0217 
 7.93738       5.0217 
 7.95238       11.0217 
 7.95238       11.0217 
 7.96838       11.0217 
 7.96838       12.0217 
 7.98438       11.0217 
 7.98438       11.0217 
 7.99937       10.0217 
 7.99937       10.0217 
 8.01538       10.0217 
 8.01538       10.0217 
 8.03037       10.0217 
 8.03037       10.0217 
 8.04637       10.0217 
 8.04637       10.0217 
 8.06237       10.0217 
 8.07738       9.0217 
 8.07738       10.0217 
 8.09338       9.0217 
 8.09338       9.0217 
 8.10938       9.0217 
 8.10938       8.0217 
 8.12438       8.0217 
 8.12438       8.0217 
 8.14038       9.0217 
 8.14038       8.0217 
 8.15537       8.0217 
 8.15537       8.0217 
 8.17137       8.0217 
 8.17137       8.0217 
 8.18737       7.0217 
 8.18737       7.0217 
 8.20238       7.0217 
 8.20238       7.0217 
 8.21838       6.0217 
 8.21838       6.0217 
 8.23438       7.0217 
 8.23438       6.0217 
 8.24938       6.0217 
 8.24938       5.0217 
 8.26538       5.0217 
 8.26538       5.0217 
 8.28037       4.0217 
 8.28037       4.0217 
 8.29637       1.0217 
 8.29637       4.0217 
 8.31237       4.0217 
 8.31237       3.0217 
 8.32738       3.0217 
 8.32738       3.0217 
 8.34338       3.0217 
 8.34338       2.0217 
 8.35938       2.0217 
 8.37438      -0.978302 
 8.37438       2.0217 
 8.39038       1.0217 
 8.39038       1.0217 
 8.39038       1.0217 
 8.40537       0.021698 
 8.40537       0.021698 
 8.42137       0.021698 
 8.43737       0.021698 
 8.43737      -0.978302 
 8.45238      -1.9783 
 8.45238      -0.978302 
 8.46838      -1.9783 
 8.46838      -1.9783 
 8.48438      -1.9783 
 8.48438      -2.9783 
 8.49938      -2.9783 
 8.49938      -2.9783 
 8.51538      -2.9783 
 8.51538      -3.9783 
 8.53037      -5.9783 
 8.53037      -3.9783 
 8.54637      -3.9783 
 8.54637      -3.9783 
 8.56237      -4.9783 
 8.56237      -4.9783 
 8.57738      -5.9783 
 8.57738      -5.9783 
 8.59338      -4.9783 
 8.59338      -5.9783 
 8.60938      -4.9783 
 8.60938      -6.9783 
 8.62438      -6.9783 
 8.62438      -6.9783 
 8.64038      -6.9783 
 8.64038      -7.9783 
 8.65537      -7.9783 
 8.65537      -7.9783 
 8.67137      -8.9783 
 8.67137      -8.9783 
 8.68737      -8.9783 
 8.68737      -9.9783 
 8.70238      -8.9783 
 8.71838      -9.9783 
 8.71838      -9.9783 
 8.71838      -9.9783 
 8.73438      -10.9783 
 8.73438      -10.9783 
 8.74938      -10.9783 
 8.76538      -11.9783 
 8.76538      -10.9783 
 8.78037      -11.9783 
 8.78037      -11.9783 
 8.79637      -12.9783 
 8.79637      -12.9783 
 8.81237      -12.9783 
 8.81237      -12.9783 
 8.82738      -12.9783 
 8.82738      -12.9783 
 8.84338      -13.9783 
 8.84338      -13.9783 
 8.85938      -13.9783 
 8.85938      -14.9783 
 8.87438      -13.9783 
 8.87438      -14.9783 
 8.89038      -13.9783 
 8.89038      -14.9783 
 8.90537      -14.9783 
 8.90537      -14.9783 
 8.92137      -15.9783 
 8.92137      -15.9783 
 8.93737      -15.9783 
 8.93737      -16.9783 
 8.95238      -15.9783 
 8.95238      -15.9783 
 8.96838      -16.9783 
 8.96838      -16.9783 
 8.98438      -16.9783 
 8.98438      -16.9783 
 8.99938      -16.9783 
 8.99938      -13.9783 
 9.01538      -17.9783 
 9.01538      -17.9783 
 9.03037      -16.9783 
 9.04637      -17.9783 
 9.04637      -16.9783 
 9.06237      -17.9783 
 9.06237      -17.9783 
 9.06237      -17.9783 
 9.07738      -17.9783 
 9.09338      -17.9783 
 9.09338      -17.9783 
 9.10938      -17.9783 
 9.10938      -17.9783 
 9.12438      -17.9783 
 9.12438      -17.9783 
 9.14038      -17.9783 
 9.14038      -18.9783 
 9.15537      -17.9783 
 9.15537      -18.9783 
 9.17137      -18.9783 
 9.17137      -17.9783 
 9.18737      -18.9783 
 9.18737      -17.9783 
 9.20238      -18.9783 
 9.20238      -18.9783 
 9.21838      -18.9783 
 9.21838      -19.9783 
 9.23438      -17.9783 
 9.23438      -16.9783 
 9.24938      -18.9783 
 9.24938      -17.9783 
 9.26538      -17.9783 
 9.26538      -17.9783 
 9.28037      -17.9783 
 9.28037      -17.9783 
 9.29637      -17.9783 
 9.29637      -17.9783 
 9.31237      -16.9783 
 9.31237      -16.9783 
 9.32738      -16.9783 
 9.32738      -16.9783 
 9.34338      -17.9783 
 9.34338      -16.9783 
 9.35938      -16.9783 
 9.35938      -16.9783 
 9.37438      -15.9783 
 9.37438      -15.9783 
 9.39038      -15.9783 
 9.39038      -15.9783 
 9.40537      -15.9783 
 9.42137      -13.9783 
 9.42137      -15.9783 
 9.43737      -14.9783 
 9.43737      -14.9783 
 9.45238      -14.9783 
 9.45238      -14.9783 
 9.46838      -14.9783 
 9.46838      -12.9783 
 9.48438      -13.9783 
 9.48438      -13.9783 
 9.49938      -13.9783 
 9.49938      -12.9783 
 9.51538      -12.9783 
 9.51538      -12.9783 
 9.53037      -12.9783 
 9.53037      -12.9783 
 9.54637      -10.9783 
 9.54637      -11.9783 
 9.56237      -11.9783 
 9.56237      -11.9783 
 9.57738      -11.9783 
 9.57738      -10.9783 
 9.59338      -10.9783 
 9.59338      -9.9783 
 9.60938      -9.9783 
 9.60938      -9.9783 
 9.62438      -10.9783 
 9.62438      -9.9783 
 9.64038      -9.9783 
 9.64038      -8.9783 
 9.65537      -8.9783 
 9.65537      -8.9783 
 9.67137      -7.9783 
 9.67137      -7.9783 
 9.68737      -8.9783 
 9.68737      -6.9783 
 9.70238      -6.9783 
 9.70238      -6.9783 
 9.71838      -6.9783 
 9.73438      -5.9783 
 9.73438      -5.9783 
 9.73438      -5.9783 
 9.74938      -3.9783 
 9.76538      -3.9783 
 9.76538      -4.9783 
 9.78037      -3.9783 
 9.78037      -3.9783 
 9.79637      -3.9783 
 9.79637      -2.9783 
 9.81237      -2.9783 
 9.81237      -2.9783 
 9.82738      -0.978302 
 9.82738      -1.9783 
 9.84338      -1.9783 
 9.84338      -1.9783 
 9.85938      -0.978302 
 9.85938       0.021698 
 9.87438      -0.978302 
 9.87438      -0.978302 
 9.89038      -0.978302 
 9.89038       0.021698 
 9.90537       0.021698 
 9.90537       1.0217 
 9.92137       1.0217 
 9.92137       1.0217 
 9.93737       1.0217 
 9.93737       0.021698 
 9.95238       2.0217 
 9.95238       2.0217 
 9.96838       2.0217 
 9.96838       3.0217 
 9.98438       2.0217 
 9.98438       3.0217 
 9.99938       3.0217 
 9.99938       3.0217 
 10.0154       4.0217 
 10.0304       3.0217 
 10.0304       4.0217 
 10.0304       4.0217 
 10.0464       5.0217 
 10.0464       5.0217 
 10.0624       5.0217 
 10.0624       5.0217 
 10.0774       6.0217 
 10.0934       6.0217 
 10.0934       6.0217 
 10.1094       6.0217 
 10.1094       6.0217 
 10.1244       6.0217 
 10.1244       8.0217 
 10.1404       7.0217 
 10.1404       8.0217 
 10.1554       8.0217 
 10.1554       9.0217 
 10.1714       8.0217 
 10.1714       8.0217 
 10.1874       8.0217 
 10.1874       9.0217 
 10.2024       9.0217 
 10.2024       9.0217 
 10.2184       9.0217 
 10.2184       9.0217 
 10.2344       9.0217 
 10.2344       10.0217 
 10.2494       10.0217 
 10.2494       10.0217 
 10.2654       10.0217 
 10.2654       10.0217 
 10.2804       10.0217 
 10.2804       11.0217 
 10.2964       11.0217 
 10.2964       10.0217 
 10.3124       11.0217 
 10.3124       11.0217 
 10.3274       11.0217 
 10.3274       11.0217 
 10.3434       10.0217 
 10.3434       11.0217 
 10.3594       11.0217 
 10.3594       11.0217 
 10.3744       11.0217 
 10.3904       12.0217 
 10.3904       11.0217 
 10.3904       11.0217 
 10.4054       11.0217 
 10.4054       11.0217 
 10.4214       10.0217 
 10.4374       11.0217 
 10.4374       10.0217 
 10.4524       11.0217 
 10.4524       11.0217 
 10.4684       11.0217 
 10.4684       11.0217 
 10.4844       11.0217 
 10.4844       10.0217 
 10.4994       12.0217 
 10.4994       11.0217 
 10.5154       11.0217 
 10.5154       11.0217 
 10.5304       11.0217 
 10.5304       11.0217 
 10.5464       10.0217 
 10.5464       10.0217 
 10.5624       10.0217 
 10.5624       10.0217 
 10.5774       10.0217 
 10.5774       10.0217 
 10.5934       10.0217 
 10.5934       10.0217 
 10.6094       9.0217 
 10.6094       9.0217 
 10.6244       9.0217 
 10.6244       9.0217 
 10.6404       9.0217 
 10.6404       9.0217 
 10.6554       9.0217 
 10.6554       8.0217 
 10.6714       8.0217 
 10.6714       8.0217 
 10.6874       8.0217 
 10.6874       8.0217 
 10.7024       7.0217 
 10.7184       8.0217 
 10.7184       7.0217 
 10.7344       9.0217 
 10.7344       8.0217 
 10.7494       5.0217 
 10.7494       7.0217 
 10.7654       7.0217 
 10.7654       6.0217 
 10.7804       6.0217 
 10.7804       7.0217 
 10.7964       6.0217 
 10.7964       6.0217 
 10.8124       5.0217 
 10.8124       5.0217 
 10.8274       5.0217 
 10.8274       4.0217 
 10.8434       4.0217 
 10.8434       4.0217 
 10.8594       4.0217 
 10.8594       4.0217 
 10.8744       3.0217 
 10.8744       3.0217 
 10.8904       3.0217 
 10.8904       4.0217 
 10.9054       2.0217 
 10.9054       2.0217 
 10.9214       1.0217 
 10.9214       1.0217 
 10.9374       1.0217 
 10.9374       0.021698 
 10.9524       1.0217 
 10.9524       0.021698 
 10.9684       0.021698 
 10.9684       0.021698 
 10.9844      -0.978302 
 10.9844      -0.978302 
 10.9994      -0.978302 
 10.9994      -1.9783 
 11.0154      -1.9783 
 11.0154      -0.978302 
 11.0304      -1.9783 
 11.0304      -1.9783 
 11.0464      -2.9783 
 11.0464      -2.9783 
 11.0624      -1.9783 
 11.0774      -2.9783 
 11.0774      -3.9783 
 11.0934      -3.9783 
 11.0934      -3.9783 
 11.1094      -4.9783 
 11.1094      -4.9783 
 11.1244      -2.9783 
 11.1244      -5.9783 
 11.1404      -5.9783 
 11.1404      -5.9783 
 11.1554      -5.9783 
 11.1554      -6.9783 
 11.1714      -6.9783 
 11.1714      -6.9783 
 11.1874      -7.9783 
 11.1874      -7.9783 
 11.2024      -7.9783 
 11.2024      -8.9783 
 11.2184      -8.9783 
 11.2184      -8.9783 
 11.2344      -9.9783 
 11.2344      -9.9783 
 11.2494      -9.9783 
 11.2494      -10.9783 
 11.2654      -10.9783 
 11.2654      -9.9783 
 11.2804      -11.9783 
 11.2804      -9.9783 
 11.2964      -11.9783 
 11.2964      -11.9783 
 11.3124      -11.9783 
 11.3124      -12.9783 
 11.3274      -12.9783 
 11.3274      -12.9783 
 11.3434      -13.9783 
 11.3434      -12.9783 
 11.3594      -14.9783 
 11.3744      -13.9783 
 11.3744      -13.9783 
 11.3904      -14.9783 
 11.3904      -12.9783 
 11.4054      -13.9783 
 11.4054      -14.9783 
 11.4054      -14.9783 
 11.4214      -14.9783 
 11.4374      -14.9783 
 11.4374      -14.9783 
 11.4524      -14.9783 
 11.4524      -14.9783 
 11.4684      -14.9783 
 11.4684      -15.9783 
 11.4844      -15.9783 
 11.4844      -15.9783 
 11.4994      -15.9783 
 11.4994      -15.9783 
 11.5154      -16.9783 
 11.5154      -16.9783 
 11.5304      -16.9783 
 11.5304      -16.9783 
 11.5464      -16.9783 
 11.5464      -17.9783 
 11.5624      -17.9783 
 11.5624      -17.9783 
 11.5774      -17.9783 
 11.5774      -18.9783 
 11.5934      -17.9783 
 11.5934      -17.9783 
 11.6094      -17.9783 
 11.6094      -17.9783 
 11.6244      -18.9783 
 11.6244      -17.9783 
 11.6404      -17.9783 
 11.6404      -18.9783 
 11.6554      -17.9783 
 11.6554      -18.9783 
 11.6714      -18.9783 
 11.6714      -17.9783 
 11.6874      -18.9783 
 11.6874      -18.9783 
 11.7024      -19.9783 
 11.7184      -18.9783 
 11.7184      -18.9783 
 11.7184      -18.9783 
 11.7344      -18.9783 
 11.7494      -17.9783 
 11.7494      -17.9783 
 11.7654      -18.9783 
 11.7654      -17.9783 
 11.7804      -17.9783 
 11.7804      -18.9783 
 11.7964      -17.9783 
 11.7964      -17.9783 
 11.8124      -17.9783 
 11.8124      -17.9783 
 11.8274      -15.9783 
 11.8274      -17.9783 
 11.8434      -16.9783 
 11.8434      -16.9783 
 11.8594      -17.9783 
 11.8594      -16.9783 
 11.8744      -16.9783 
 11.8744      -16.9783 
 11.8904      -16.9783 
 11.8904      -16.9783 
 11.9054      -17.9783 
 11.9054      -16.9783 
 11.9214      -16.9783 
 11.9214      -15.9783 
 11.9374      -15.9783 
 11.9374      -15.9783 
 11.9524      -15.9783 
 11.9524      -20.9783 
 11.9684      -15.9783 
 11.9684      -15.9783 
 11.9844      -14.9783 
 11.9844      -14.9783 
 11.9994      -14.9783 
 11.9994      -14.9783 
 12.0154      -14.9783 
 12.0154      -13.9783 
 12.0304      -13.9783 
 12.0304      -13.9783 
 12.0464      -12.9783 
 12.0624      -13.9783 
 12.0624      -13.9783 
 12.0774      -12.9783 
 12.0774      -11.9783 
 12.0934      -12.9783 
 12.0934      -14.9783 
 12.1094      -10.9783 
 12.1094      -11.9783 
 12.1244      -11.9783 
 12.1244      -11.9783 
 12.1404      -11.9783 
 12.1404      -10.9783 
 12.1554      -10.9783 
 12.1554      -10.9783 
 12.1714      -9.9783 
 12.1714      -9.9783 
 12.1874      -9.9783 
 12.1874      -9.9783 
 12.2024      -8.9783 
 12.2024      -8.9783 
 12.2184      -8.9783 
 12.2184      -7.9783 
 12.2344      -7.9783 
 12.2344      -7.9783 
 12.2494      -6.9783 
 12.2494      -7.9783 
 12.2654      -5.9783 
 12.2654      -5.9783 
 12.2804      -5.9783 
 12.2804      -5.9783 
 12.2964      -4.9783 
 12.2964      -4.9783 
 12.3124      -4.9783 
 12.3124      -3.9783 
 12.3274      -4.9783 
 12.3274      -3.9783 
 12.3434      -3.9783 
 12.3434      -2.9783 
 12.3594      -2.9783 
 12.3594      -2.9783 
 12.3744      -2.9783 
 12.3744      -2.9783 
 12.3904      -0.978302 
 12.4054      -1.9783 
 12.4054      -0.978302 
 12.4054      -0.978302 
 12.4214       0.021698 
 12.4374      -0.978302 
 12.4374       0.021698 
 12.4524       0.021698 
 12.4524       1.0217 
 12.4684       1.0217 
 12.4684       1.0217 
 12.4844       2.0217 
 12.4844       2.0217 
 12.4994       2.0217 
 12.4994       4.0217 
 12.5154       3.0217 
 12.5154       3.0217 
 12.5304       3.0217 
 12.5304       4.0217 
 12.5464       3.0217 
 12.5464       4.0217 
 12.5624       4.0217 
 12.5624       4.0217 
 12.5774       4.0217 
 12.5774       5.0217 
 12.5934       5.0217 
 12.5934       5.0217 
 12.6094       6.0217 
 12.6094       6.0217 
 12.6244       7.0217 
 12.6244       6.0217 
 12.6404       6.0217 
 12.6404       6.0217 
 12.6554       7.0217 
 12.6554       6.0217 
 12.6714       7.0217 
 12.6714       7.0217 
 12.6874       7.0217 
 12.7024       8.0217 
 12.7024       8.0217 
 12.7024       8.0217 
 12.7184       9.0217 
 12.7184       9.0217 
 12.7344       9.0217 
 12.7344       9.0217 
 12.7494       9.0217 
 12.7654       9.0217 
 12.7654       10.0217 
 12.7804       10.0217 
 12.7804       9.0217 
 12.7964       10.0217 
 12.7964       10.0217 
 12.8124       10.0217 
 12.8124       10.0217 
 12.8274       12.0217 
 12.8274       10.0217 
 12.8434       10.0217 
 12.8434       11.0217 
 12.8594       10.0217 
 12.8594       11.0217 
 12.8744       11.0217 
 12.8744       9.0217 
 12.8904       11.0217 
 12.8904       11.0217 
 12.9054       11.0217 
 12.9054       11.0217 
 12.9214       11.0217 
 12.9214       11.0217 
 12.9374       12.0217 
 12.9374       12.0217 
 12.9524       12.0217 
 12.9524       11.0217 
 12.9684       11.0217 
 12.9684       12.0217 
 12.9844       11.0217 
 12.9844       11.0217 
 12.9994       12.0217 
 12.9994       11.0217 
 13.0154       11.0217 
 13.0304       12.0217 
 13.0304       12.0217 
 13.0464       11.0217 
 13.0464       11.0217 
 13.0464       11.0217 
 13.0624       10.0217 
 13.0624       10.0217 
 13.0774       10.0217 
 13.0934       10.0217 
 13.0934       10.0217 
 13.1094       10.0217 
 13.1094       10.0217 
 13.1244       10.0217 
 13.1244       10.0217 
 13.1404       10.0217 
 13.1404       9.0217 
 13.1554       10.0217 
 13.1554       10.0217 
 13.1714       9.0217 
 13.1714       4.0217 
 13.1874       9.0217 
 13.1874       9.0217 
 13.2024       8.0217 
 13.2024       9.0217 
 13.2184       8.0217 
 13.2184       8.0217 
 13.2344       9.0217 
 13.2344       8.0217 
 13.2494       8.0217 
 13.2494       8.0217 
 13.2654       8.0217 
 13.2654       8.0217 
 13.2804       7.0217 
 13.2804       7.0217 
 13.2964       7.0217 
 13.2964       6.0217 
 13.3124       7.0217 
 13.3124       6.0217 
 13.3274       6.0217 
 13.3274       5.0217 
 13.3434       6.0217 
 13.3434       5.0217 
 13.3594       5.0217 
 13.3594       5.0217 
 13.3744       4.0217 
 13.3744       4.0217 
 13.3904       3.0217 
 13.3904       3.0217 
 13.4054       4.0217 
 13.4214       3.0217 
 13.4214       4.0217 
 13.4374       3.0217 
 13.4374       2.0217 
 13.4524       2.0217 
 13.4524       2.0217 
 13.4684       2.0217 
 13.4684       1.0217 
 13.4844       1.0217 
 13.4844       0.021698 
 13.4994       0.021698 
 13.4994       0.021698 
 13.5154       0.021698 
 13.5154      -0.978302 
 13.5304      -1.9783 
 13.5304      -0.978302 
 13.5464      -1.9783 
 13.5464      -1.9783 
 13.5624      -1.9783 
 13.5624      -1.9783 
 13.5774      -1.9783 
 13.5774      -2.9783 
 13.5934      -2.9783 
 13.5934      -2.9783 
 13.6094      -2.9783 
 13.6094      -3.9783 
 13.6244      -3.9783 
 13.6244      -3.9783 
 13.6404      -3.9783 
 13.6404      -3.9783 
 13.6554      -4.9783 
 13.6554      -4.9783 
 13.6714      -5.9783 
 13.6714      -5.9783 
 13.6874      -5.9783 
 13.7024      -6.9783 
 13.7024      -6.9783 
 13.7024      -6.9783 
 13.7184      -6.9783 
 13.7344      -7.9783 
 13.7344      -7.9783 
 13.7344      -7.9783 
 13.7494      -8.9783 
 13.7654      -7.9783 
 13.7654      -8.9783 
 13.7804      -8.9783 
 13.7804      -8.9783 
 13.7964      -9.9783 
 13.7964      -9.9783 
 13.8124      -9.9783 
 13.8124      -10.9783 
 13.8274      -10.9783 
 13.8274      -10.9783 
 13.8434      -10.9783 
 13.8434      -11.9783 
 13.8594      -11.9783 
 13.8594      -11.9783 
 13.8744      -11.9783 
 13.8744      -12.9783 
 13.8904      -12.9783 
 13.8904      -12.9783 
 13.9054      -13.9783 
 13.9054      -13.9783 
 13.9214      -13.9783 
 13.9214      -12.9783 
 13.9374      -13.9783 
 13.9374      -14.9783 
 13.9524      -14.9783 
 13.9524      -14.9783 
 13.9684      -14.9783 
 13.9684      -15.9783 
 13.9844      -15.9783 
 13.9844      -15.9783 
 13.9994      -15.9783 
 13.9994      -15.9783 
 14.0154      -15.9783 
 14.0154      -16.9783 
 14.0304      -15.9783 
 14.0464      -16.9783 
 14.0464      -15.9783 
 14.0624      -16.9783 
 14.0624      -16.9783 
 14.0624      -16.9783 
 14.0774      -17.9783 
 14.0934      -17.9783 
 14.0934      -17.9783 
 14.1094      -13.9783 
 14.1094      -17.9783 
 14.1244      -17.9783 
 14.1244      -17.9783 
 14.1404      -17.9783 
 14.1404      -17.9783 
 14.1554      -17.9783 
 14.1554      -20.9783 
 14.1714      -18.9783 
 14.1714      -18.9783 
 14.1874      -17.9783 
 14.1874      -17.9783 
 14.2024      -17.9783 
 14.2024      -18.9783 
 14.2184      -17.9783 
 14.2184      -18.9783 
 14.2344      -17.9783 
 14.2344      -17.9783 
 14.2494      -17.9783 
 14.2494      -16.9783 
 14.2654      -18.9783 
 14.2654      -17.9783 
 14.2804      -17.9783 
 14.2804      -17.9783 
 14.2964      -17.9783 
 14.2964      -17.9783 
 14.3124      -17.9783 
 14.3124      -17.9783 
 14.3274      -17.9783 
 14.3274      -17.9783 
 14.3434      -17.9783 
 14.3434      -17.9783 
 14.3594      -16.9783 
 14.3744      -17.9783 
 14.3744      -17.9783 
 14.3744      -17.9783 
 14.3904      -17.9783 
 14.4054      -16.9783 
 14.4054      -16.9783 
 14.4214      -17.9783 
 14.4214      -16.9783 
 14.4374      -16.9783 
 14.4374      -16.9783 
 14.4524      -16.9783 
 14.4524      -16.9783 
 14.4684      -16.9783 
 14.4684      -16.9783 
 14.4844      -16.9783 
 14.4844      -15.9783 
 14.4994      -15.9783 
 14.4994      -15.9783 
 14.5154      -14.9783 
 14.5154      -15.9783 
 14.5304      -15.9783 
 14.5304      -14.9783 
 14.5464      -14.9783 
 14.5464      -14.9783 
 14.5624      -14.9783 
 14.5624      -13.9783 
 14.5774      -14.9783 
 14.5774      -14.9783 
 14.5934      -13.9783 
 14.5934      -13.9783 
 14.6094      -13.9783 
 14.6094      -12.9783 
 14.6244      -12.9783 
 14.6244      -12.9783 
 14.6404      -12.9783 
 14.6404      -12.9783 
 14.6554      -11.9783 
 14.6554      -11.9783 
 14.6714      -10.9783 
 14.6714      -10.9783 
 14.6874      -10.9783 
 14.6874      -10.9783 
 14.7024      -9.9783 
 14.7024      -9.9783 
 14.7184      -9.9783 
 14.7344      -8.9783 
 14.7344      -8.9783 
 14.7344      -8.9783 
 14.7494      -7.9783 
 14.7654      -7.9783 
 14.7654      -7.9783 
 14.7804      -7.9783 
 14.7804      -7.9783 
 14.7964      -6.9783 
 14.7964      -6.9783 
 14.8124      -6.9783 
 14.8124      -5.9783 
 14.8274      -5.9783 
 14.8274      -4.9783 
 14.8434      -5.9783 
 14.8434      -4.9783 
 14.8594      -3.9783 
 14.8594      -4.9783 
 14.8744      -3.9783 
 14.8744      -3.9783 
 14.8904      -3.9783 
 14.8904      -1.9783 
 14.9054      -2.9783 
 14.9054      -2.9783 
 14.9214      -1.9783 
 14.9214      -1.9783 
 14.9374      -1.9783 
 14.9374      -1.9783 
 14.9524      -1.9783 
 14.9524      -0.978302 
 14.9684      -0.978302 
 14.9684      -0.978302 
 14.9844      -0.978302 
 14.9844       0.021698 
 14.9994       0.021698 
 14.9994       2.0217 
 15.0154       1.0217 
