-0.000375     -13.9783 
-0.000375     -13.9783 
 0.015625     -13.9783 
 0.030625     -14.9783 
 0.030625     -14.9783 
 0.046625     -14.9783 
 0.046625     -12.9783 
 0.061625     -13.9783 
 0.061625     -14.9783 
 0.077625     -14.9783 
 0.077625     -14.9783 
 0.093625     -14.9783 
 0.093625     -14.9783 
 0.108625     -14.9783 
 0.108625     -15.9783 
 0.124625     -14.9783 
 0.124625     -14.9783 
 0.140625     -14.9783 
 0.140625     -14.9783 
 0.155625     -14.9783 
 0.155625     -14.9783 
 0.171625     -14.9783 
 0.171625     -15.9783 
 0.186625     -15.9783 
 0.186625     -14.9783 
 0.202625     -13.9783 
 0.202625     -15.9783 
 0.218625     -13.9783 
 0.218625     -15.9783 
 0.233625     -15.9783 
 0.233625     -14.9783 
 0.249625     -14.9783 
 0.249625     -15.9783 
 0.265625     -14.9783 
 0.265625     -15.9783 
 0.280625     -15.9783 
 0.280625     -14.9783 
 0.296625     -14.9783 
 0.311625     -15.9783 
 0.311625     -14.9783 
 0.311625     -14.9783 
 0.327625     -14.9783 
 0.327625     -14.9783 
 0.343625     -14.9783 
 0.358625     -14.9783 
 0.358625     -14.9783 
 0.374625     -14.9783 
 0.374625     -14.9783 
 0.390625     -14.9783 
 0.390625     -14.9783 
 0.405625     -14.9783 
 0.405625     -15.9783 
 0.421625     -13.9783 
 0.421625     -13.9783 
 0.436625     -13.9783 
 0.436625     -13.9783 
 0.452625     -13.9783 
 0.452625     -13.9783 
 0.468625     -13.9783 
 0.468625     -13.9783 
 0.483625     -14.9783 
 0.483625     -12.9783 
 0.499625     -13.9783 
 0.499625     -12.9783 
 0.515625     -12.9783 
 0.515625     -12.9783 
 0.530625     -12.9783 
 0.530625     -11.9783 
 0.546625     -13.9783 
 0.546625     -12.9783 
 0.561625     -12.9783 
 0.561625     -11.9783 
 0.577625     -11.9783 
 0.577625     -11.9783 
 0.593625     -11.9783 
 0.593625     -12.9783 
 0.608625     -10.9783 
 0.608625     -11.9783 
 0.624625     -10.9783 
 0.624625     -10.9783 
 0.640625     -10.9783 
 0.640625     -10.9783 
 0.655625     -9.9783 
 0.671625     -8.9783 
 0.671625     -9.9783 
 0.671625     -9.9783 
 0.686625     -9.9783 
 0.702625     -9.9783 
 0.702625     -8.9783 
 0.718625     -8.9783 
 0.718625     -8.9783 
 0.733625     -8.9783 
 0.733625     -8.9783 
 0.749625     -9.9783 
 0.749625     -7.9783 
 0.765625     -7.9783 
 0.765625     -7.9783 
 0.780625     -6.9783 
 0.780625     -6.9783 
 0.796625     -6.9783 
 0.796625     -5.9783 
 0.811625     -6.9783 
 0.811625     -6.9783 
 0.827625     -5.9783 
 0.827625     -5.9783 
 0.843625     -6.9783 
 0.843625     -5.9783 
 0.858625     -4.9783 
 0.858625     -4.9783 
 0.874625     -4.9783 
 0.874625     -4.9783 
 0.890625     -4.9783 
 0.890625     -3.9783 
 0.905625     -3.9783 
 0.905625     -3.9783 
 0.921625     -2.9783 
 0.921625     -3.9783 
 0.936625     -2.9783 
 0.936625     -0.978302 
 0.952625     -2.9783 
 0.952625     -2.9783 
 0.968625     -1.9783 
 0.968625     -1.9783 
 0.983625     -1.9783 
 0.999625     -0.978302 
 0.999625     -0.978302 
 1.01563      -1.9783 
 1.01563      -0.978302 
 1.03062      -0.978302 
 1.03062       0.021698 
 1.04662       0.021698 
 1.04662       0.021698 
 1.06163       0.021698 
 1.06163       1.0217 
 1.07763       1.0217 
 1.07763       0.021698 
 1.09363       1.0217 
 1.09363       1.0217 
 1.10863       1.0217 
 1.10863       2.0217 
 1.12463       2.0217 
 1.12463       1.0217 
 1.14063       2.0217 
 1.14063       2.0217 
 1.15562       2.0217 
 1.15562       3.0217 
 1.17162       3.0217 
 1.17162       4.0217 
 1.18663       4.0217 
 1.18663       3.0217 
 1.20263       3.0217 
 1.20263       4.0217 
 1.21863       4.0217 
 1.21863       3.0217 
 1.23363       4.0217 
 1.23363       4.0217 
 1.24963       4.0217 
 1.24963       5.0217 
 1.26563       6.0217 
 1.26563       5.0217 
 1.28062       5.0217 
 1.29662       4.0217 
 1.29662       5.0217 
 1.29662       5.0217 
 1.31163       5.0217 
 1.31163       5.0217 
 1.32763       6.0217 
 1.32763       6.0217 
 1.34363       6.0217 
 1.35863       6.0217 
 1.35863       7.0217 
 1.37463       6.0217 
 1.37463       7.0217 
 1.39063       7.0217 
 1.39063       7.0217 
 1.40562       7.0217 
 1.40562       7.0217 
 1.42162       7.0217 
 1.42162       7.0217 
 1.43663       7.0217 
 1.43663       8.0217 
 1.45263       8.0217 
 1.45263       7.0217 
 1.46863       7.0217 
 1.46863       7.0217 
 1.48363       8.0217 
 1.48363       7.0217 
 1.49963       8.0217 
 1.49963       7.0217 
 1.51563       7.0217 
 1.51563       8.0217 
 1.53062       8.0217 
 1.53062       8.0217 
 1.54662       8.0217 
 1.54662       8.0217 
 1.56163       8.0217 
 1.56163       8.0217 
 1.57763       8.0217 
 1.57763       8.0217 
 1.59363       8.0217 
 1.59363       8.0217 
 1.60863       8.0217 
 1.60863       8.0217 
 1.62463       8.0217 
 1.62463       8.0217 
 1.64063       6.0217 
 1.65562       7.0217 
 1.65562       8.0217 
 1.65562       8.0217 
 1.67162       8.0217 
 1.68663       8.0217 
 1.68663       8.0217 
 1.70263       8.0217 
 1.70263       6.0217 
 1.71863       8.0217 
 1.71863       8.0217 
 1.73363       7.0217 
 1.73363       7.0217 
 1.74963       7.0217 
 1.74963       6.0217 
 1.76563       7.0217 
 1.76563       7.0217 
 1.78062       7.0217 
 1.78062       6.0217 
 1.79662       6.0217 
 1.79662       6.0217 
 1.81163       6.0217 
 1.81163       6.0217 
 1.82763       6.0217 
 1.82763       6.0217 
 1.84363       6.0217 
 1.84363       5.0217 
 1.85863       6.0217 
 1.85863       6.0217 
 1.87463       5.0217 
 1.87463       6.0217 
 1.89063       5.0217 
 1.89063       5.0217 
 1.90562       4.0217 
 1.90562       5.0217 
 1.92162       4.0217 
 1.92162       5.0217 
 1.93663       5.0217 
 1.93663       4.0217 
 1.95263       4.0217 
 1.96863       7.0217 
 1.96863       3.0217 
 1.98363       4.0217 
 1.98363       5.0217 
 1.99963       3.0217 
 1.99963       3.0217 
 2.01563       4.0217 
 2.01563       2.0217 
 2.03063       3.0217 
 2.03063       2.0217 
 2.04663       2.0217 
 2.04663       2.0217 
 2.06162       1.0217 
 2.06162       1.0217 
 2.07762       2.0217 
 2.07762       1.0217 
 2.09362       1.0217 
 2.09362       1.0217 
 2.10863       1.0217 
 2.10863       0.021698 
 2.12463       0.021698 
 2.12463       0.021698 
 2.14063      -0.978302 
 2.14063      -0.978302 
 2.15563      -0.978302 
 2.15563      -0.978302 
 2.17163      -0.978302 
 2.17163      -1.9783 
 2.18662      -0.978302 
 2.18662      -1.9783 
 2.20262      -2.9783 
 2.20262      -1.9783 
 2.21862      -5.9783 
 2.21862      -2.9783 
 2.23363      -2.9783 
 2.23363      -2.9783 
 2.24963      -3.9783 
 2.24963      -2.9783 
 2.26563      -2.9783 
 2.26563      -3.9783 
 2.28063      -3.9783 
 2.28063      -3.9783 
 2.29663      -4.9783 
 2.31162      -3.9783 
 2.31162      -3.9783 
 2.32762      -4.9783 
 2.32762      -4.9783 
 2.32762      -4.9783 
 2.34362      -5.9783 
 2.35863      -5.9783 
 2.35863      -5.9783 
 2.37463      -5.9783 
 2.37463      -6.9783 
 2.39063      -6.9783 
 2.39063      -6.9783 
 2.40563      -5.9783 
 2.40563      -6.9783 
 2.42163      -7.9783 
 2.42163      -7.9783 
 2.43662      -8.9783 
 2.43662      -7.9783 
 2.45262      -7.9783 
 2.45262      -7.9783 
 2.46862      -8.9783 
 2.46862      -9.9783 
 2.48363      -8.9783 
 2.48363      -9.9783 
 2.49963      -8.9783 
 2.49963      -9.9783 
 2.51563      -9.9783 
 2.51563      -9.9783 
 2.53063      -9.9783 
 2.53063      -10.9783 
 2.54663      -10.9783 
 2.54663      -10.9783 
 2.56162      -12.9783 
 2.56162      -10.9783 
 2.57762      -11.9783 
 2.57762      -11.9783 
 2.59362      -11.9783 
 2.59362      -10.9783 
 2.60863      -12.9783 
 2.60863      -11.9783 
 2.62463      -10.9783 
 2.64063      -11.9783 
 2.64063      -11.9783 
 2.64063      -11.9783 
 2.65563      -12.9783 
 2.65563      -12.9783 
 2.67163      -12.9783 
 2.68662      -12.9783 
 2.68662      -12.9783 
 2.70262      -12.9783 
 2.70262      -13.9783 
 2.71862      -12.9783 
 2.71862      -12.9783 
 2.73363      -13.9783 
 2.73363      -16.9783 
 2.74963      -12.9783 
 2.74963      -13.9783 
 2.76563      -13.9783 
 2.76563      -13.9783 
 2.78063      -13.9783 
 2.78063      -14.9783 
 2.79663      -14.9783 
 2.79663      -13.9783 
 2.81162      -13.9783 
 2.81162      -14.9783 
 2.82762      -15.9783 
 2.82762      -14.9783 
 2.84362      -14.9783 
 2.84362      -14.9783 
 2.85863      -14.9783 
 2.85863      -14.9783 
 2.87463      -14.9783 
 2.87463      -14.9783 
 2.89063      -15.9783 
 2.89063      -14.9783 
 2.90563      -14.9783 
 2.90563      -14.9783 
 2.92163      -14.9783 
 2.92163      -14.9783 
 2.93662      -15.9783 
 2.93662      -14.9783 
 2.95262      -14.9783 
 2.96862      -15.9783 
 2.96862      -14.9783 
 2.98363      -15.9783 
 2.98363      -15.9783 
 2.99963      -14.9783 
 2.99963      -14.9783 
 2.99963      -14.9783 
 3.01563      -14.9783 
 3.03063      -14.9783 
 3.03063      -14.9783 
 3.04663      -14.9783 
 3.04663      -14.9783 
 3.06162      -14.9783 
 3.06162      -14.9783 
 3.07762      -14.9783 
 3.07762      -14.9783 
 3.09362      -14.9783 
 3.09362      -13.9783 
 3.10863      -14.9783 
 3.10863      -14.9783 
 3.12463      -13.9783 
 3.12463      -14.9783 
 3.14063      -13.9783 
 3.14063      -12.9783 
 3.15563      -13.9783 
 3.15563      -13.9783 
 3.17163      -15.9783 
 3.17163      -13.9783 
 3.18662      -14.9783 
 3.18662      -13.9783 
 3.20262      -13.9783 
 3.20262      -12.9783 
 3.21862      -12.9783 
 3.21862      -13.9783 
 3.23363      -12.9783 
 3.23363      -12.9783 
 3.24963      -12.9783 
 3.24963      -11.9783 
 3.26563      -11.9783 
 3.26563      -12.9783 
 3.28063      -12.9783 
 3.28063      -12.9783 
 3.29663      -11.9783 
 3.29663      -11.9783 
 3.31162      -12.9783 
 3.32762      -11.9783 
 3.32762      -11.9783 
 3.32762      -11.9783 
 3.34362      -10.9783 
 3.35863      -9.9783 
 3.35863      -10.9783 
 3.37463      -10.9783 
 3.37463      -9.9783 
 3.39063      -10.9783 
 3.39063      -10.9783 
 3.40563      -9.9783 
 3.40563      -9.9783 
 3.42163      -9.9783 
 3.42163      -9.9783 
 3.43662      -9.9783 
 3.43662      -8.9783 
 3.45262      -8.9783 
 3.45262      -8.9783 
 3.46862      -7.9783 
 3.46862      -7.9783 
 3.48363      -7.9783 
 3.48363      -6.9783 
 3.49963      -7.9783 
 3.49963      -7.9783 
 3.51563      -6.9783 
 3.51563      -6.9783 
 3.53063      -6.9783 
 3.53063      -4.9783 
 3.54663      -6.9783 
 3.54663      -5.9783 
 3.56162      -5.9783 
 3.56162      -5.9783 
 3.57762      -5.9783 
 3.57762      -4.9783 
 3.59362      -4.9783 
 3.59362      -4.9783 
 3.60863      -4.9783 
 3.60863      -4.9783 
 3.62463      -4.9783 
 3.64063      -3.9783 
 3.64063      -3.9783 
 3.64063      -3.9783 
 3.65563      -2.9783 
 3.67163      -3.9783 
 3.67163      -2.9783 
 3.68662      -2.9783 
 3.68662      -2.9783 
 3.70262      -1.9783 
 3.70262      -1.9783 
 3.71862      -1.9783 
 3.71862      -1.9783 
 3.73363      -0.978302 
 3.73363      -1.9783 
 3.74963      -0.978302 
 3.74963      -0.978302 
 3.76563      -0.978302 
 3.76563       0.021698 
 3.78063       0.021698 
 3.78063       0.021698 
 3.79663       0.021698 
 3.79663       1.0217 
 3.81162      -0.978302 
 3.81162       0.021698 
 3.82762       1.0217 
 3.82762       1.0217 
 3.84362      -1.9783 
 3.84362       2.0217 
 3.85863       1.0217 
 3.85863       2.0217 
 3.87463       2.0217 
 3.87463       2.0217 
 3.89063       2.0217 
 3.89063       3.0217 
 3.90563       2.0217 
 3.90563       3.0217 
 3.92163       3.0217 
 3.92163       3.0217 
 3.93662       4.0217 
 3.93662       4.0217 
 3.95262       4.0217 
 3.95262       4.0217 
 3.96862       5.0217 
 3.98363       4.0217 
 3.98363       5.0217 
 3.98363       5.0217 
 3.99963       5.0217 
 3.99963       5.0217 
 4.01563       5.0217 
 4.03062       4.0217 
 4.03062       6.0217 
 4.04662       6.0217 
 4.04662       6.0217 
 4.06163       6.0217 
 4.06163       5.0217 
 4.07763       6.0217 
 4.07763       8.0217 
 4.09363       6.0217 
 4.09363       6.0217 
 4.10863       7.0217 
 4.10863       6.0217 
 4.12463       6.0217 
 4.12463       7.0217 
 4.14063       7.0217 
 4.14063       8.0217 
 4.15562       7.0217 
 4.15562       7.0217 
 4.17162       7.0217 
 4.17162       8.0217 
 4.18663       7.0217 
 4.18663       8.0217 
 4.20263       8.0217 
 4.20263       8.0217 
 4.21863       8.0217 
 4.21863       7.0217 
 4.23363       7.0217 
 4.23363       8.0217 
 4.24963       8.0217 
 4.24963       7.0217 
 4.26563       8.0217 
 4.26563       8.0217 
 4.28062       8.0217 
 4.29662       7.0217 
 4.29662       8.0217 
 4.31163       7.0217 
 4.31163       8.0217 
 4.31163       8.0217 
 4.32763       8.0217 
 4.32763       8.0217 
 4.34363       9.0217 
 4.35863       8.0217 
 4.35863       8.0217 
 4.37463       8.0217 
 4.37463       7.0217 
 4.39063       9.0217 
 4.39063       8.0217 
 4.40562       8.0217 
 4.40562       8.0217 
 4.42162       7.0217 
 4.42162       7.0217 
 4.43663       8.0217 
 4.43663       8.0217 
 4.45263       7.0217 
 4.45263       8.0217 
 4.46863       7.0217 
 4.46863       7.0217 
 4.48363       8.0217 
 4.48363       7.0217 
 4.49963       7.0217 
 4.49963       7.0217 
 4.51563       7.0217 
 4.51563       7.0217 
 4.53062       7.0217 
 4.53062       7.0217 
 4.54662       6.0217 
 4.54662       6.0217 
 4.56163       6.0217 
 4.56163       6.0217 
 4.57763       6.0217 
 4.57763       6.0217 
 4.59363       5.0217 
 4.59363       6.0217 
 4.60863       5.0217 
 4.60863       5.0217 
 4.62463       5.0217 
 4.62463       5.0217 
 4.64063       4.0217 
 4.65562       5.0217 
 4.65562       4.0217 
 4.65562       4.0217 
 4.67162       4.0217 
 4.68663       4.0217 
 4.68663       3.0217 
 4.70263       4.0217 
 4.70263       4.0217 
 4.71863       3.0217 
 4.71863       3.0217 
 4.73363       2.0217 
 4.73363       3.0217 
 4.74963       3.0217 
 4.74963       2.0217 
 4.76563       2.0217 
 4.76563       2.0217 
 4.78062       2.0217 
 4.78062       1.0217 
 4.79662       2.0217 
 4.79662       1.0217 
 4.81163       1.0217 
 4.81163       3.0217 
 4.82763       0.021698 
 4.82763       0.021698 
 4.84363      -0.978302 
 4.84363       0.021698 
 4.85863      -1.9783 
 4.85863       0.021698 
 4.87463      -0.978302 
 4.87463      -0.978302 
 4.89063      -0.978302 
 4.89063      -1.9783 
 4.90562      -0.978302 
 4.90562      -1.9783 
 4.92162      -1.9783 
 4.92162      -1.9783 
 4.93663      -1.9783 
 4.93663      -1.9783 
 4.95263      -2.9783 
 4.96863      -1.9783 
 4.96863      -2.9783 
 4.98363      -3.9783 
 4.98363      -1.9783 
 4.99963      -3.9783 
 4.99963      -3.9783 
 4.99963      -3.9783 
 5.01563      -4.9783 
 5.03062      -4.9783 
 5.03062      -4.9783 
 5.04662      -4.9783 
 5.04662      -4.9783 
 5.06163      -4.9783 
 5.06163      -5.9783 
 5.07763      -5.9783 
 5.07763      -5.9783 
 5.09363      -5.9783 
 5.09363      -5.9783 
 5.10863      -6.9783 
 5.10863      -6.9783 
 5.12463      -6.9783 
 5.12463      -6.9783 
 5.14063      -7.9783 
 5.14063      -7.9783 
 5.15562      -7.9783 
 5.15562      -7.9783 
 5.17162      -7.9783 
 5.17162      -7.9783 
 5.18663      -9.9783 
 5.18663      -8.9783 
 5.20263      -8.9783 
 5.20263      -9.9783 
 5.21863      -8.9783 
 5.21863      -8.9783 
 5.23363      -9.9783 
 5.23363      -9.9783 
 5.24963      -9.9783 
 5.24963      -9.9783 
 5.26563      -9.9783 
 5.26563      -10.9783 
 5.28062      -9.9783 
 5.28062      -10.9783 
 5.29662      -11.9783 
 5.31163      -10.9783 
 5.31163      -10.9783 
 5.32763      -11.9783 
 5.32763      -11.9783 
 5.32763      -11.9783 
 5.34363      -11.9783 
 5.35863      -11.9783 
 5.35863      -11.9783 
 5.37463      -12.9783 
 5.37463      -12.9783 
 5.39063      -12.9783 
 5.39063      -12.9783 
 5.40562      -12.9783 
 5.40562      -11.9783 
 5.42162      -12.9783 
 5.42162      -12.9783 
 5.43663      -13.9783 
 5.43663      -13.9783 
 5.45263      -13.9783 
 5.45263      -12.9783 
 5.46863      -14.9783 
 5.46863      -13.9783 
 5.48363      -13.9783 
 5.48363      -14.9783 
 5.49963      -15.9783 
 5.49963      -14.9783 
 5.51563      -14.9783 
 5.51563      -13.9783 
 5.53062      -14.9783 
 5.53062      -14.9783 
 5.54662      -14.9783 
 5.54662      -14.9783 
 5.56163      -14.9783 
 5.56163      -14.9783 
 5.57763      -14.9783 
 5.57763      -14.9783 
 5.59363      -14.9783 
 5.59363      -14.9783 
 5.60863      -15.9783 
 5.60863      -14.9783 
 5.62463      -13.9783 
 5.64063      -15.9783 
 5.64063      -15.9783 
 5.65562      -14.9783 
 5.65562      -15.9783 
 5.65562      -15.9783 
 5.67162      -14.9783 
 5.68663      -15.9783 
 5.68663      -14.9783 
 5.70263      -14.9783 
 5.70263      -15.9783 
 5.71863      -14.9783 
 5.71863      -14.9783 
 5.73363      -14.9783 
 5.73363      -14.9783 
 5.74963      -15.9783 
 5.74963      -15.9783 
 5.76563      -15.9783 
 5.76563      -14.9783 
 5.78062      -15.9783 
 5.78062      -14.9783 
 5.79662      -15.9783 
 5.79662      -15.9783 
 5.81163      -14.9783 
 5.81163      -14.9783 
 5.82763      -15.9783 
 5.82763      -14.9783 
 5.84363      -14.9783 
 5.84363      -14.9783 
 5.85863      -13.9783 
 5.85863      -11.9783 
 5.87463      -14.9783 
 5.87463      -13.9783 
 5.89063      -13.9783 
 5.89063      -13.9783 
 5.90562      -14.9783 
 5.90562      -13.9783 
 5.92162      -10.9783 
 5.92162      -12.9783 
 5.93663      -12.9783 
 5.93663      -13.9783 
 5.95263      -13.9783 
 5.95263      -13.9783 
 5.96863      -12.9783 
 5.96863      -12.9783 
 5.98363      -14.9783 
 5.99963      -12.9783 
 5.99963      -11.9783 
 6.01563      -12.9783 
 6.01563      -11.9783 
 6.03062      -10.9783 
 6.03062      -11.9783 
 6.04662      -11.9783 
 6.04662      -10.9783 
 6.06163      -11.9783 
 6.06163      -11.9783 
 6.07763      -10.9783 
 6.07763      -10.9783 
 6.09363      -11.9783 
 6.09363      -10.9783 
 6.10863      -9.9783 
 6.10863      -9.9783 
 6.12463      -9.9783 
 6.12463      -9.9783 
 6.14063      -9.9783 
 6.14063      -8.9783 
 6.15562      -9.9783 
 6.15562      -9.9783 
 6.17162      -8.9783 
 6.17162      -8.9783 
 6.18663      -7.9783 
 6.18663      -8.9783 
 6.20263      -8.9783 
 6.20263      -7.9783 
 6.21863      -7.9783 
 6.21863      -6.9783 
 6.23363      -6.9783 
 6.23363      -6.9783 
 6.24963      -6.9783 
 6.24963      -5.9783 
 6.26563      -6.9783 
 6.26563      -5.9783 
 6.28062      -4.9783 
 6.29662      -5.9783 
 6.29662      -5.9783 
 6.31163      -4.9783 
 6.31163      -4.9783 
 6.31163      -4.9783 
 6.32763      -3.9783 
 6.34363      -4.9783 
 6.34363      -3.9783 
 6.35863      -3.9783 
 6.35863      -3.9783 
 6.37463      -3.9783 
 6.37463      -2.9783 
 6.39063      -3.9783 
 6.39063      -2.9783 
 6.40562      -2.9783 
 6.40562      -3.9783 
 6.42162      -2.9783 
 6.42162      -1.9783 
 6.43663      -1.9783 
 6.43663      -1.9783 
 6.45263      -0.978302 
 6.45263      -1.9783 
 6.46863      -0.978302 
 6.46863       0.021698 
 6.48363      -0.978302 
 6.48363      -0.978302 
 6.49963       0.021698 
 6.49963      -0.978302 
 6.51563      -0.978302 
 6.51563       1.0217 
 6.53062       0.021698 
 6.53062       1.0217 
 6.54662       0.021698 
 6.54662       1.0217 
 6.56163       1.0217 
 6.56163       2.0217 
 6.57763       2.0217 
 6.57763       2.0217 
 6.59363       2.0217 
 6.59363       2.0217 
 6.60863       2.0217 
 6.60863       3.0217 
 6.62463       3.0217 
 6.62463       3.0217 
 6.64063       4.0217 
 6.65562       3.0217 
 6.65562       4.0217 
 6.65562       4.0217 
 6.67162       4.0217 
 6.68663       5.0217 
 6.68663       4.0217 
 6.70263       2.0217 
 6.70263       5.0217 
 6.71863       5.0217 
 6.71863       5.0217 
 6.73363       5.0217 
 6.73363       5.0217 
 6.74963       7.0217 
 6.74963       6.0217 
 6.76563       6.0217 
 6.76563       7.0217 
 6.78062       6.0217 
 6.78062       5.0217 
 6.79662       6.0217 
 6.79662       6.0217 
 6.81163       7.0217 
 6.81163       6.0217 
 6.82763       7.0217 
 6.82763       7.0217 
 6.84363       7.0217 
 6.84363       7.0217 
 6.85863       7.0217 
 6.85863       7.0217 
 6.87463       7.0217 
 6.87463       8.0217 
 6.89063       7.0217 
 6.89063       8.0217 
 6.90562       7.0217 
 6.90562       7.0217 
 6.92162       8.0217 
 6.92162       7.0217 
 6.93663       7.0217 
 6.93663       8.0217 
 6.95263       8.0217 
 6.95263       8.0217 
 6.96863       8.0217 
 6.98363       7.0217 
 6.98363       7.0217 
 6.99963       8.0217 
 6.99963       8.0217 
 6.99963       8.0217 
 7.01563       8.0217 
 7.03062       8.0217 
 7.03062       8.0217 
 7.04662       9.0217 
 7.04662       8.0217 
 7.06163       8.0217 
 7.06163       8.0217 
 7.07763       8.0217 
 7.07763       8.0217 
 7.09363       8.0217 
 7.09363       8.0217 
 7.10863       7.0217 
 7.10863       8.0217 
 7.12463       8.0217 
 7.12463       8.0217 
 7.14063       8.0217 
 7.14063       7.0217 
 7.15562       8.0217 
 7.15562       8.0217 
 7.17162       7.0217 
 7.17162       6.0217 
 7.18663       8.0217 
 7.18663       6.0217 
 7.20263       7.0217 
 7.20263       7.0217 
 7.21863       7.0217 
 7.21863       7.0217 
 7.23363       7.0217 
 7.23363       7.0217 
 7.24963       7.0217 
 7.24963       6.0217 
 7.26563       7.0217 
 7.26563       6.0217 
 7.28062       7.0217 
 7.29662       6.0217 
 7.29662       7.0217 
 7.31163       5.0217 
 7.31163       5.0217 
 7.32763       6.0217 
 7.32763       5.0217 
 7.32763       5.0217 
 7.34363       5.0217 
 7.35863       5.0217 
 7.35863       4.0217 
 7.37463       5.0217 
 7.37463       5.0217 
 7.39063       3.0217 
 7.39063       4.0217 
 7.40562       6.0217 
 7.40562       3.0217 
 7.42162       3.0217 
 7.42162       4.0217 
 7.43663       2.0217 
 7.43663       3.0217 
 7.45263       3.0217 
 7.45263       2.0217 
 7.46863       3.0217 
 7.46863       3.0217 
 7.48363       2.0217 
 7.48363       2.0217 
 7.49963       2.0217 
 7.49963       2.0217 
 7.51563       1.0217 
 7.51563       0.021698 
 7.53062       1.0217 
 7.53062       1.0217 
 7.54662       0.021698 
 7.54662       0.021698 
 7.56163       0.021698 
 7.56163      -0.978302 
 7.57763      -0.978302 
 7.57763       0.021698 
 7.59363      -0.978302 
 7.59363      -0.978302 
 7.60863      -0.978302 
 7.60863      -0.978302 
 7.62463      -0.978302 
 7.64063      -3.9783 
 7.64063      -1.9783 
 7.65562      -2.9783 
 7.65562      -1.9783 
 7.67162      -2.9783 
 7.67162      -2.9783 
 7.67162      -2.9783 
 7.68663      -3.9783 
 7.70263      -3.9783 
 7.70263      -4.9783 
 7.71863      -3.9783 
 7.71863      -3.9783 
 7.73363      -3.9783 
 7.73363      -4.9783 
 7.74963      -4.9783 
 7.74963      -4.9783 
 7.76563      -5.9783 
 7.76563      -5.9783 
 7.78062      -4.9783 
 7.78062      -6.9783 
 7.79662      -5.9783 
 7.79662      -5.9783 
 7.81163      -6.9783 
 7.81163      -6.9783 
 7.82763      -6.9783 
 7.82763      -6.9783 
 7.84363      -7.9783 
 7.84363      -6.9783 
 7.85863      -7.9783 
 7.85863      -7.9783 
 7.87463      -7.9783 
 7.87463      -8.9783 
 7.89063      -8.9783 
 7.89063      -8.9783 
 7.90562      -6.9783 
 7.90562      -8.9783 
 7.92162      -8.9783 
 7.92162      -9.9783 
 7.93663      -9.9783 
 7.93663      -8.9783 
 7.95263      -10.9783 
 7.95263      -10.9783 
 7.96863      -9.9783 
 7.98363      -10.9783 
 7.98363      -10.9783 
 7.98363      -10.9783 
 7.99963      -9.9783 
 8.01563      -10.9783 
 8.01563      -10.9783 
 8.03063      -11.9783 
 8.03063      -10.9783 
 8.04663      -11.9783 
 8.04663      -11.9783 
 8.06162      -11.9783 
 8.06162      -11.9783 
 8.07762      -12.9783 
 8.07762      -11.9783 
 8.09362      -12.9783 
 8.09362      -12.9783 
 8.10863      -12.9783 
 8.10863      -12.9783 
 8.12463      -13.9783 
 8.12463      -12.9783 
 8.14063      -13.9783 
 8.14063      -14.9783 
 8.15563      -18.9783 
 8.15563      -13.9783 
 8.17163      -14.9783 
 8.17163      -13.9783 
 8.18662      -13.9783 
 8.18662      -14.9783 
 8.20262      -13.9783 
 8.20262      -13.9783 
 8.21862      -14.9783 
 8.21862      -13.9783 
 8.23363      -14.9783 
 8.23363      -11.9783 
 8.24963      -14.9783 
 8.24963      -14.9783 
 8.26563      -15.9783 
 8.26563      -14.9783 
 8.28063      -15.9783 
 8.28063      -15.9783 
 8.29663      -14.9783 
 8.31162      -15.9783 
 8.31162      -14.9783 
 8.31162      -14.9783 
 8.32762      -15.9783 
 8.34362      -14.9783 
 8.34362      -14.9783 
 8.35863      -15.9783 
 8.35863      -15.9783 
 8.37463      -14.9783 
 8.37463      -15.9783 
 8.39063      -15.9783 
 8.39063      -15.9783 
 8.40563      -15.9783 
 8.40563      -15.9783 
 8.42163      -14.9783 
 8.42163      -14.9783 
 8.43662      -14.9783 
 8.43662      -14.9783 
 8.45262      -15.9783 
 8.45262      -15.9783 
 8.46862      -12.9783 
 8.46862      -15.9783 
 8.48363      -14.9783 
 8.48363      -14.9783 
 8.49963      -14.9783 
 8.49963      -14.9783 
 8.51563      -14.9783 
 8.51563      -14.9783 
 8.53063      -14.9783 
 8.53063      -14.9783 
 8.54663      -15.9783 
 8.54663      -14.9783 
 8.56162      -14.9783 
 8.56162      -14.9783 
 8.57762      -14.9783 
 8.57762      -12.9783 
 8.59362      -14.9783 
 8.59362      -13.9783 
 8.60863      -15.9783 
 8.60863      -14.9783 
 8.62463      -16.9783 
 8.64063      -13.9783 
 8.64063      -13.9783 
 8.65563      -12.9783 
 8.65563      -12.9783 
 8.67163      -13.9783 
 8.67163      -12.9783 
 8.68662      -12.9783 
 8.68662      -12.9783 
 8.70262      -12.9783 
 8.70262      -12.9783 
 8.71862      -12.9783 
 8.71862      -11.9783 
 8.73363      -11.9783 
 8.73363      -11.9783 
 8.74963      -10.9783 
 8.74963      -11.9783 
 8.76563      -11.9783 
 8.76563      -10.9783 
 8.78063      -10.9783 
 8.78063      -10.9783 
 8.79663      -9.9783 
 8.79663      -10.9783 
 8.81162      -10.9783 
 8.81162      -9.9783 
 8.82762      -9.9783 
 8.82762      -9.9783 
 8.84362      -8.9783 
 8.84362      -8.9783 
 8.85863      -9.9783 
 8.85863      -8.9783 
 8.87463      -8.9783 
 8.87463      -8.9783 
 8.89063      -8.9783 
 8.89063      -7.9783 
 8.90563      -8.9783 
 8.90563      -7.9783 
 8.92163      -6.9783 
 8.92163      -4.9783 
 8.93662      -6.9783 
 8.93662      -7.9783 
 8.95262      -6.9783 
 8.95262      -6.9783 
 8.96862      -6.9783 
 8.98363      -5.9783 
 8.98363      -4.9783 
 8.99963      -5.9783 
 8.99963      -5.9783 
 9.01563      -4.9783 
 9.01563      -4.9783 
 9.03063      -5.9783 
 9.03063      -4.9783 
 9.04663      -3.9783 
 9.04663      -4.9783 
 9.06162      -3.9783 
 9.06162      -2.9783 
 9.07762      -3.9783 
 9.07762      -2.9783 
 9.09362      -3.9783 
 9.09362      -2.9783 
 9.10863      -2.9783 
 9.10863      -1.9783 
 9.12463      -2.9783 
 9.12463      -1.9783 
 9.14063      -1.9783 
 9.14063       1.0217 
 9.15563      -1.9783 
 9.15563      -4.9783 
 9.17163      -0.978302 
 9.17163      -0.978302 
 9.18662      -0.978302 
 9.18662      -0.978302 
 9.20262       0.021698 
 9.20262       1.0217 
 9.21862       0.021698 
 9.21862       0.021698 
 9.23363       0.021698 
 9.23363       2.0217 
 9.24963       1.0217 
 9.24963       2.0217 
 9.26563       1.0217 
 9.26563       1.0217 
 9.28063       2.0217 
 9.28063       2.0217 
 9.29663       1.0217 
 9.31162       5.0217 
 9.31162       3.0217 
 9.31162       3.0217 
 9.32762       3.0217 
 9.32762       3.0217 
 9.34362       2.0217 
 9.35863       4.0217 
 9.35863       4.0217 
 9.37463       4.0217 
 9.37463       4.0217 
 9.39063       4.0217 
 9.39063       4.0217 
 9.40563       5.0217 
 9.40563       4.0217 
 9.42163       5.0217 
 9.42163       5.0217 
 9.43662       5.0217 
 9.43662       5.0217 
 9.45262       6.0217 
 9.45262       6.0217 
 9.46862       6.0217 
 9.46862       6.0217 
 9.48363       6.0217 
 9.48363       6.0217 
 9.49963       6.0217 
 9.49963       7.0217 
 9.51563       6.0217 
 9.51563       7.0217 
 9.53063       7.0217 
 9.53063       7.0217 
 9.54663       7.0217 
 9.54663       7.0217 
 9.56162       7.0217 
 9.56162       7.0217 
 9.57762       8.0217 
 9.57762       7.0217 
 9.59362       7.0217 
 9.59362       7.0217 
 9.60863       8.0217 
 9.60863       8.0217 
 9.62463       8.0217 
 9.62463       8.0217 
 9.64063       8.0217 
 9.65563       7.0217 
 9.65563       8.0217 
 9.67163       7.0217 
 9.67163       8.0217 
 9.68662       8.0217 
 9.68662       8.0217 
 9.70262       8.0217 
 9.70262       9.0217 
 9.71862       9.0217 
 9.71862       7.0217 
 9.73363       8.0217 
 9.73363       8.0217 
 9.74963       8.0217 
 9.74963       8.0217 
 9.76563       9.0217 
 9.76563       8.0217 
 9.78063       8.0217 
 9.78063       8.0217 
 9.79663       8.0217 
 9.79663       8.0217 
 9.81162       8.0217 
 9.81162       8.0217 
 9.82762       8.0217 
 9.82762       8.0217 
 9.84362       8.0217 
 9.84362       8.0217 
 9.85863       9.0217 
 9.85863       7.0217 
 9.87463       8.0217 
 9.87463       8.0217 
 9.89063       8.0217 
 9.89063       7.0217 
 9.90563       8.0217 
 9.90563       7.0217 
 9.92163       7.0217 
 9.92163       7.0217 
 9.93662       7.0217 
 9.93662       7.0217 
 9.95262       7.0217 
 9.96862       6.0217 
 9.96862       6.0217 
 9.96862       6.0217 
 9.98363       7.0217 
 9.99963       6.0217 
 9.99963       6.0217 
 9.99963       6.0217 
 10.0156       6.0217 
 10.0306       5.0217 
 10.0306       5.0217 
 10.0466       5.0217 
 10.0466       5.0217 
 10.0616       5.0217 
 10.0616       6.0217 
 10.0776       5.0217 
 10.0776       4.0217 
 10.0936       5.0217 
 10.0936       4.0217 
 10.1086       4.0217 
 10.1086       4.0217 
 10.1246       4.0217 
 10.1246       3.0217 
 10.1406       3.0217 
 10.1406       4.0217 
 10.1556       0.021698 
 10.1556       3.0217 
 10.1716       3.0217 
 10.1716       3.0217 
 10.1866       1.0217 
 10.1866       2.0217 
 10.2026       2.0217 
 10.2026       2.0217 
 10.2186       1.0217 
 10.2186       1.0217 
 10.2336       1.0217 
 10.2336       2.0217 
 10.2496       0.021698 
 10.2496       2.0217 
 10.2656      -0.978302 
 10.2656       0.021698 
 10.2806       0.021698 
 10.2806       0.021698 
 10.2966      -0.978302 
 10.3116      -1.9783 
 10.3116      -1.9783 
 10.3116      -1.9783 
 10.3276      -0.978302 
 10.3436      -1.9783 
 10.3436      -1.9783 
 10.3586      -1.9783 
 10.3586      -1.9783 
 10.3746      -2.9783 
 10.3746      -2.9783 
 10.3906      -2.9783 
 10.3906      -3.9783 
 10.4056      -3.9783 
 10.4056      -2.9783 
 10.4216      -3.9783 
 10.4216      -3.9783 
 10.4366      -3.9783 
 10.4366      -4.9783 
 10.4526      -4.9783 
 10.4526      -4.9783 
 10.4686      -5.9783 
 10.4686      -4.9783 
 10.4836      -5.9783 
 10.4836      -5.9783 
 10.4996      -5.9783 
 10.4996      -5.9783 
 10.5156      -6.9783 
 10.5156      -6.9783 
 10.5306      -6.9783 
 10.5306      -7.9783 
 10.5466      -8.9783 
 10.5466      -6.9783 
 10.5616      -7.9783 
 10.5616      -6.9783 
 10.5776      -7.9783 
 10.5776      -8.9783 
 10.5936      -7.9783 
 10.5936      -8.9783 
 10.6086      -8.9783 
 10.6086      -7.9783 
 10.6246      -8.9783 
 10.6246      -8.9783 
 10.6406      -9.9783 
 10.6406      -9.9783 
 10.6556      -9.9783 
 10.6556      -9.9783 
 10.6716      -9.9783 
 10.6866      -10.9783 
 10.6866      -10.9783 
 10.7026      -10.9783 
 10.7026      -10.9783 
 10.7186      -10.9783 
 10.7186      -10.9783 
 10.7336      -11.9783 
 10.7336      -10.9783 
 10.7496      -11.9783 
 10.7496      -11.9783 
 10.7656      -11.9783 
 10.7656      -11.9783 
 10.7806      -11.9783 
 10.7806      -11.9783 
 10.7966      -11.9783 
 10.7966      -9.9783 
 10.8116      -12.9783 
 10.8116      -12.9783 
 10.8276      -13.9783 
 10.8276      -12.9783 
 10.8436      -13.9783 
 10.8436      -13.9783 
 10.8586      -13.9783 
 10.8586      -14.9783 
 10.8746      -13.9783 
 10.8746      -12.9783 
 10.8906      -13.9783 
 10.8906      -13.9783 
 10.9056      -13.9783 
 10.9056      -14.9783 
 10.9216      -14.9783 
 10.9216      -13.9783 
 10.9366      -14.9783 
 10.9366      -15.9783 
 10.9526      -14.9783 
 10.9526      -14.9783 
 10.9686      -14.9783 
 10.9686      -14.9783 
 10.9836      -15.9783 
 10.9996      -14.9783 
 10.9996      -14.9783 
 11.0156      -15.9783 
 11.0156      -14.9783 
 11.0306      -13.9783 
 11.0306      -15.9783 
 11.0466      -14.9783 
 11.0466      -14.9783 
 11.0616      -15.9783 
 11.0616      -14.9783 
 11.0776      -13.9783 
 11.0776      -15.9783 
 11.0936      -14.9783 
 11.0936      -14.9783 
 11.1086      -15.9783 
 11.1086      -14.9783 
 11.1246      -15.9783 
 11.1246      -15.9783 
 11.1406      -15.9783 
 11.1406      -13.9783 
 11.1556      -15.9783 
 11.1556      -14.9783 
 11.1716      -15.9783 
 11.1716      -15.9783 
 11.1866      -15.9783 
 11.1866      -14.9783 
 11.2026      -15.9783 
 11.2026      -14.9783 
 11.2186      -15.9783 
 11.2186      -14.9783 
 11.2336      -14.9783 
 11.2336      -15.9783 
 11.2496      -14.9783 
 11.2496      -14.9783 
 11.2656      -13.9783 
 11.2656      -14.9783 
 11.2806      -14.9783 
 11.2806      -13.9783 
 11.2966      -13.9783 
 11.2966      -13.9783 
 11.3116      -12.9783 
 11.3276      -14.9783 
 11.3276      -13.9783 
 11.3276      -13.9783 
 11.3436      -13.9783 
 11.3586      -13.9783 
 11.3586      -13.9783 
 11.3746      -13.9783 
 11.3746      -12.9783 
 11.3906      -12.9783 
 11.3906      -12.9783 
 11.4056      -12.9783 
 11.4056      -12.9783 
 11.4216      -12.9783 
 11.4216      -13.9783 
 11.4366      -11.9783 
 11.4366      -11.9783 
 11.4526      -11.9783 
 11.4526      -11.9783 
 11.4686      -11.9783 
 11.4686      -11.9783 
 11.4836      -10.9783 
 11.4836      -11.9783 
 11.4996      -11.9783 
 11.4996      -10.9783 
 11.5156      -10.9783 
 11.5156      -9.9783 
 11.5306      -9.9783 
 11.5306      -9.9783 
 11.5466      -9.9783 
 11.5466      -9.9783 
 11.5616      -9.9783 
 11.5616      -9.9783 
 11.5776      -8.9783 
 11.5776      -8.9783 
 11.5936      -8.9783 
 11.5936      -11.9783 
 11.6086      -8.9783 
 11.6086      -7.9783 
 11.6246      -6.9783 
 11.6406      -7.9783 
 11.6406      -6.9783 
 11.6406      -6.9783 
 11.6556      -6.9783 
 11.6556      -6.9783 
 11.6716      -6.9783 
 11.6866      -6.9783 
 11.6866      -5.9783 
 11.7026      -5.9783 
 11.7026      -3.9783 
 11.7186      -5.9783 
 11.7186      -4.9783 
 11.7336      -6.9783 
 11.7336      -4.9783 
 11.7496      -4.9783 
 11.7496      -3.9783 
 11.7656      -3.9783 
 11.7656      -3.9783 
 11.7806      -3.9783 
 11.7806      -1.9783 
 11.7966      -2.9783 
 11.7966      -2.9783 
 11.8116      -2.9783 
 11.8116      -2.9783 
 11.8276      -2.9783 
 11.8276      -1.9783 
 11.8436      -1.9783 
 11.8436      -1.9783 
 11.8586      -1.9783 
 11.8586      -1.9783 
 11.8746      -0.978302 
 11.8746      -0.978302 
 11.8906      -0.978302 
 11.8906      -0.978302 
 11.9056       0.021698 
 11.9056      -0.978302 
 11.9216       0.021698 
 11.9216       0.021698 
 11.9366       0.021698 
 11.9366       0.021698 
 11.9526       1.0217 
 11.9686       0.021698 
 11.9686       1.0217 
 11.9836       2.0217 
 11.9836       2.0217 
 11.9836       2.0217 
 11.9996       2.0217 
 11.9996       2.0217 
 12.0156       2.0217 
 12.0306       3.0217 
 12.0306       3.0217 
 12.0466       3.0217 
 12.0466       3.0217 
 12.0616       3.0217 
 12.0616       3.0217 
 12.0776       4.0217 
 12.0776       4.0217 
 12.0936       5.0217 
 12.0936       4.0217 
 12.1086       4.0217 
 12.1086       4.0217 
 12.1246       5.0217 
 12.1246       5.0217 
 12.1406       5.0217 
 12.1406       5.0217 
 12.1556       5.0217 
 12.1556       5.0217 
 12.1716       6.0217 
 12.1716       5.0217 
 12.1866       5.0217 
 12.1866       7.0217 
 12.2026       6.0217 
 12.2026       6.0217 
 12.2186       6.0217 
 12.2186       5.0217 
 12.2336       6.0217 
 12.2336       7.0217 
 12.2496       7.0217 
 12.2496       7.0217 
 12.2656       9.0217 
 12.2656       7.0217 
 12.2806       5.0217 
 12.2966       8.0217 
 12.2966       7.0217 
 12.2966       7.0217 
 12.3116       8.0217 
 12.3276       7.0217 
 12.3276       8.0217 
 12.3276       8.0217 
 12.3436       8.0217 
 12.3586       8.0217 
 12.3586       8.0217 
 12.3746       8.0217 
 12.3746       8.0217 
 12.3906       8.0217 
 12.3906       8.0217 
 12.4056       8.0217 
 12.4056       8.0217 
 12.4216       8.0217 
 12.4216       8.0217 
 12.4366       8.0217 
 12.4366       8.0217 
 12.4526       6.0217 
 12.4526       8.0217 
 12.4686       8.0217 
 12.4686       8.0217 
 12.4836       8.0217 
 12.4836       8.0217 
 12.4996       8.0217 
 12.4996       9.0217 
 12.5156       8.0217 
 12.5156       8.0217 
 12.5306       8.0217 
 12.5306       8.0217 
 12.5466       10.0217 
 12.5466       6.0217 
 12.5616       8.0217 
 12.5616       8.0217 
 12.5776       8.0217 
 12.5776       8.0217 
 12.5936       8.0217 
 12.5936       7.0217 
 12.6086       7.0217 
 12.6246       5.0217 
 12.6246       7.0217 
 12.6406       6.0217 
 12.6406       7.0217 
 12.6406       7.0217 
 12.6556       6.0217 
 12.6556       6.0217 
 12.6716       7.0217 
 12.6866       6.0217 
 12.6866       10.0217 
 12.7026       6.0217 
 12.7026       6.0217 
 12.7186       6.0217 
 12.7186       6.0217 
 12.7336       5.0217 
 12.7336       6.0217 
 12.7496       5.0217 
 12.7496       5.0217 
 12.7656       5.0217 
 12.7656       5.0217 
 12.7806       5.0217 
 12.7806       4.0217 
 12.7966       5.0217 
 12.7966       4.0217 
 12.8116       4.0217 
 12.8116       4.0217 
 12.8276       4.0217 
 12.8276       4.0217 
 12.8436       4.0217 
 12.8436       3.0217 
 12.8586       3.0217 
 12.8586       2.0217 
 12.8746       2.0217 
 12.8746       0.021698 
 12.8906       3.0217 
 12.8906       2.0217 
 12.9056       2.0217 
 12.9056       2.0217 
 12.9216       1.0217 
 12.9216       2.0217 
 12.9366       1.0217 
 12.9366       0.021698 
 12.9526       1.0217 
 12.9526       1.0217 
 12.9686       0.021698 
 12.9836       1.0217 
 12.9836       0.021698 
 12.9996      -0.978302 
 12.9996       0.021698 
 13.0156      -0.978302 
 13.0156      -1.9783 
 13.0306      -0.978302 
 13.0306      -0.978302 
 13.0466      -1.9783 
 13.0466      -0.978302 
 13.0616      -1.9783 
 13.0616      -1.9783 
 13.0776      -1.9783 
 13.0776      -1.9783 
 13.0936      -2.9783 
 13.0936      -1.9783 
 13.1086      -1.9783 
 13.1086      -3.9783 
 13.1246      -2.9783 
 13.1246      -2.9783 
 13.1406      -3.9783 
 13.1406      -3.9783 
 13.1556      -3.9783 
 13.1556      -4.9783 
 13.1716      -4.9783 
 13.1716      -4.9783 
 13.1866      -5.9783 
 13.1866      -4.9783 
 13.2026      -5.9783 
 13.2026      -4.9783 
 13.2186      -5.9783 
 13.2186      -5.9783 
 13.2336      -6.9783 
 13.2336      -3.9783 
 13.2496      -7.9783 
 13.2496      -6.9783 
 13.2656      -6.9783 
 13.2656      -7.9783 
 13.2806      -7.9783 
 13.2966      -6.9783 
 13.2966      -8.9783 
 13.3116      -7.9783 
 13.3116      -8.9783 
 13.3116      -8.9783 
 13.3276      -8.9783 
 13.3276      -8.9783 
 13.3436      -8.9783 
 13.3586      -9.9783 
 13.3586      -8.9783 
 13.3746      -9.9783 
 13.3746      -9.9783 
 13.3906      -6.9783 
 13.3906      -11.9783 
 13.4056      -9.9783 
 13.4056      -10.9783 
 13.4216      -10.9783 
 13.4216      -11.9783 
 13.4366      -10.9783 
 13.4366      -11.9783 
 13.4526      -11.9783 
 13.4526      -10.9783 
 13.4686      -12.9783 
 13.4686      -11.9783 
 13.4836      -11.9783 
 13.4836      -12.9783 
 13.4996      -11.9783 
 13.4996      -12.9783 
 13.5156      -11.9783 
 13.5156      -12.9783 
 13.5306      -12.9783 
 13.5306      -13.9783 
 13.5466      -15.9783 
 13.5466      -12.9783 
 13.5616      -14.9783 
 13.5616      -13.9783 
 13.5776      -13.9783 
 13.5776      -13.9783 
 13.5936      -15.9783 
 13.5936      -13.9783 
 13.6086      -15.9783 
 13.6086      -13.9783 
 13.6246      -14.9783 
 13.6406      -13.9783 
 13.6406      -13.9783 
 13.6556      -14.9783 
 13.6556      -13.9783 
 13.6716      -14.9783 
 13.6716      -14.9783 
 13.6866      -14.9783 
 13.6866      -14.9783 
 13.7026      -14.9783 
 13.7026      -12.9783 
 13.7186      -14.9783 
 13.7186      -14.9783 
 13.7336      -15.9783 
 13.7336      -14.9783 
 13.7496      -12.9783 
 13.7496      -15.9783 
 13.7656      -14.9783 
 13.7656      -14.9783 
 13.7806      -15.9783 
 13.7806      -15.9783 
 13.7966      -15.9783 
 13.7966      -12.9783 
 13.8116      -14.9783 
 13.8116      -15.9783 
 13.8276      -15.9783 
 13.8276      -15.9783 
 13.8436      -14.9783 
 13.8436      -14.9783 
 13.8586      -14.9783 
 13.8586      -15.9783 
 13.8746      -15.9783 
 13.8746      -17.9783 
 13.8906      -15.9783 
 13.8906      -14.9783 
 13.9056      -13.9783 
 13.9056      -14.9783 
 13.9216      -14.9783 
 13.9216      -14.9783 
 13.9366      -14.9783 
 13.9366      -14.9783 
 13.9526      -14.9783 
 13.9526      -14.9783 
 13.9686      -14.9783 
 13.9686      -14.9783 
 13.9836      -14.9783 
 13.9996      -19.9783 
 13.9996      -14.9783 
 13.9996      -14.9783 
 14.0156      -13.9783 
 14.0306      -13.9783 
 14.0306      -13.9783 
 14.0466      -13.9783 
 14.0466      -13.9783 
 14.0616      -14.9783 
 14.0616      -13.9783 
 14.0776      -13.9783 
 14.0776      -13.9783 
 14.0936      -12.9783 
 14.0936      -11.9783 
 14.1086      -12.9783 
 14.1086      -12.9783 
 14.1246      -12.9783 
 14.1246      -12.9783 
 14.1406      -11.9783 
 14.1406      -10.9783 
 14.1556      -12.9783 
 14.1556      -11.9783 
 14.1716      -11.9783 
 14.1716      -11.9783 
 14.1866      -10.9783 
 14.1866      -11.9783 
 14.2026      -11.9783 
 14.2026      -10.9783 
 14.2186      -10.9783 
 14.2186      -10.9783 
 14.2336      -10.9783 
 14.2336      -9.9783 
 14.2496      -10.9783 
 14.2496      -9.9783 
 14.2656      -9.9783 
 14.2656      -9.9783 
 14.2806      -12.9783 
 14.2966      -8.9783 
 14.2966      -8.9783 
 14.3116      -6.9783 
 14.3116      -7.9783 
 14.3276      -8.9783 
 14.3276      -7.9783 
 14.3276      -7.9783 
 14.3436      -7.9783 
 14.3586      -7.9783 
 14.3586      -6.9783 
 14.3746      -7.9783 
 14.3746      -6.9783 
 14.3906      -7.9783 
 14.3906      -6.9783 
 14.4056      -6.9783 
 14.4056      -3.9783 
 14.4216      -5.9783 
 14.4216      -5.9783 
 14.4366      -4.9783 
 14.4366      -4.9783 
 14.4526      -4.9783 
 14.4526      -5.9783 
 14.4686      -2.9783 
 14.4686      -3.9783 
 14.4836      -2.9783 
 14.4836      -4.9783 
 14.4996      -3.9783 
 14.4996      -3.9783 
 14.5156      -2.9783 
 14.5156      -2.9783 
 14.5306      -2.9783 
 14.5306      -2.9783 
 14.5466      -1.9783 
 14.5466      -2.9783 
 14.5616      -1.9783 
 14.5616      -0.978302 
 14.5776      -1.9783 
 14.5776      -0.978302 
 14.5936      -0.978302 
 14.5936      -5.9783 
 14.6086       0.021698 
 14.6086       0.021698 
 14.6246       0.021698 
 14.6246       0.021698 
 14.6406      -0.978302 
 14.6556       0.021698 
 14.6556       0.021698 
 14.6716       1.0217 
 14.6716       1.0217 
 14.6866       1.0217 
 14.6866       2.0217 
 14.7026       2.0217 
 14.7026       2.0217 
 14.7186       2.0217 
 14.7186       2.0217 
 14.7336       3.0217 
 14.7336       3.0217 
 14.7496       3.0217 
 14.7496       3.0217 
 14.7656       4.0217 
 14.7656       3.0217 
 14.7806       4.0217 
 14.7806       4.0217 
 14.7966       4.0217 
 14.7966       4.0217 
 14.8116       4.0217 
 14.8116       4.0217 
 14.8276       3.0217 
 14.8276       5.0217 
 14.8436       5.0217 
 14.8436       5.0217 
 14.8586       5.0217 
 14.8586       7.0217 
 14.8746       6.0217 
 14.8746       6.0217 
 14.8906       5.0217 
 14.8906       6.0217 
 14.9056       6.0217 
 14.9056       6.0217 
 14.9216       7.0217 
 14.9216       7.0217 
 14.9366       7.0217 
 14.9366       7.0217 
 14.9526       6.0217 
 14.9686       7.0217 
 14.9686       7.0217 
 14.9686       7.0217 
 14.9836       7.0217 
 14.9996       8.0217 
 14.9996       7.0217 
 15.0156       4.0217 
