 0.01525      -2.9783 
 0.01525      -1.9783 
 0.03125      -1.9783 
 0.03125      -1.9783 
 0.04625      -1.9783 
 0.04625      -1.9783 
 0.06225      -0.978302 
 0.06225      -0.978302 
 0.07725      -0.978302 
 0.07725       0.021698 
 0.09325       0.021698 
 0.09325       1.0217 
 0.10925       1.0217 
 0.10925       2.0217 
 0.12425       1.0217 
 0.12425       2.0217 
 0.14025       2.0217 
 0.14025       2.0217 
 0.15625       3.0217 
 0.15625       3.0217 
 0.17125       3.0217 
 0.18725       4.0217 
 0.18725       4.0217 
 0.18725       4.0217 
 0.20225       5.0217 
 0.20225       5.0217 
 0.21825       5.0217 
 0.23425       5.0217 
 0.23425       5.0217 
 0.24925       6.0217 
 0.24925       7.0217 
 0.26525       7.0217 
 0.26525       7.0217 
 0.28125       8.0217 
 0.28125       8.0217 
 0.29625       8.0217 
 0.29625       9.0217 
 0.31225       9.0217 
 0.31225       9.0217 
 0.32725       9.0217 
 0.32725       9.0217 
 0.34325       9.0217 
 0.34325       12.0217 
 0.35925       10.0217 
 0.35925       10.0217 
 0.37425       10.0217 
 0.37425       11.0217 
 0.39025       11.0217 
 0.39025       11.0217 
 0.40625       11.0217 
 0.40625       13.0217 
 0.42125       11.0217 
 0.42125       11.0217 
 0.43725       12.0217 
 0.43725       12.0217 
 0.45225       12.0217 
 0.45225       12.0217 
 0.46825       12.0217 
 0.46825       13.0217 
 0.48425       13.0217 
 0.48425       13.0217 
 0.49925       13.0217 
 0.51525       14.0217 
 0.51525       13.0217 
 0.51525       13.0217 
 0.53125       13.0217 
 0.53125       13.0217 
 0.54625       15.0217 
 0.56225       13.0217 
 0.56225       13.0217 
 0.57725       12.0217 
 0.57725       13.0217 
 0.59325       12.0217 
 0.59325       13.0217 
 0.60925       13.0217 
 0.60925       13.0217 
 0.62425       13.0217 
 0.62425       15.0217 
 0.64025       14.0217 
 0.64025       13.0217 
 0.65625       13.0217 
 0.65625       13.0217 
 0.67125       14.0217 
 0.67125       13.0217 
 0.68725       13.0217 
 0.68725       13.0217 
 0.70225       13.0217 
 0.70225       13.0217 
 0.71825       14.0217 
 0.71825       12.0217 
 0.73425       13.0217 
 0.73425       13.0217 
 0.74925       11.0217 
 0.74925       15.0217 
 0.76525       11.0217 
 0.76525       13.0217 
 0.78125       11.0217 
 0.78125       11.0217 
 0.79625       13.0217 
 0.79625       10.0217 
 0.81225       11.0217 
 0.81225       11.0217 
 0.82725       10.0217 
 0.82725       10.0217 
 0.84325       10.0217 
 0.84325       10.0217 
 0.85925       10.0217 
 0.87425       8.0217 
 0.87425       10.0217 
 0.89025       9.0217 
 0.89025       9.0217 
 0.90625       9.0217 
 0.90625       8.0217 
 0.92125       8.0217 
 0.92125       8.0217 
 0.93725       8.0217 
 0.93725       7.0217 
 0.95225       6.0217 
 0.95225       7.0217 
 0.96825       7.0217 
 0.96825       6.0217 
 0.98425       6.0217 
 0.98425       5.0217 
 0.99925       6.0217 
 0.99925       5.0217 
 1.01525       5.0217 
 1.01525       5.0217 
 1.03125       5.0217 
 1.03125       4.0217 
 1.04625       3.0217 
 1.04625       3.0217 
 1.06225       2.0217 
 1.06225       3.0217 
 1.07725       2.0217 
 1.07725       2.0217 
 1.09325       1.0217 
 1.09325       1.0217 
 1.10925       1.0217 
 1.10925       1.0217 
 1.12425       0.021698 
 1.12425       0.021698 
 1.14025       0.021698 
 1.14025      -0.978302 
 1.15625      -0.978302 
 1.15625      -0.978302 
 1.17125      -1.9783 
 1.18725      -0.978302 
 1.18725      -1.9783 
 1.20225      -2.9783 
 1.20225      -1.9783 
 1.21825      -3.9783 
 1.21825      -3.9783 
 1.23425      -1.9783 
 1.23425      -4.9783 
 1.24925      -4.9783 
 1.24925      -4.9783 
 1.26525      -5.9783 
 1.26525      -4.9783 
 1.28125      -5.9783 
 1.28125      -7.9783 
 1.29625      -7.9783 
 1.29625      -6.9783 
 1.31225      -7.9783 
 1.31225      -7.9783 
 1.32725      -7.9783 
 1.32725      -7.9783 
 1.34325      -8.9783 
 1.34325      -8.9783 
 1.35925      -8.9783 
 1.35925      -9.9783 
 1.37425      -9.9783 
 1.37425      -9.9783 
 1.39025      -12.9783 
 1.39025      -10.9783 
 1.40625      -11.9783 
 1.40625      -10.9783 
 1.42125      -11.9783 
 1.42125      -12.9783 
 1.43725      -12.9783 
 1.43725      -11.9783 
 1.45225      -12.9783 
 1.45225      -12.9783 
 1.46825      -13.9783 
 1.46825      -13.9783 
 1.48425      -13.9783 
 1.48425      -13.9783 
 1.49925      -14.9783 
 1.49925      -14.9783 
 1.51525      -13.9783 
 1.53125      -14.9783 
 1.53125      -15.9783 
 1.53125      -15.9783 
 1.54625      -13.9783 
 1.56225      -15.9783 
 1.56225      -14.9783 
 1.57725      -16.9783 
 1.57725      -16.9783 
 1.59325      -16.9783 
 1.59325      -16.9783 
 1.60925      -17.9783 
 1.60925      -17.9783 
 1.62425      -17.9783 
 1.62425      -17.9783 
 1.64025      -17.9783 
 1.64025      -17.9783 
 1.65625      -17.9783 
 1.65625      -18.9783 
 1.67125      -19.9783 
 1.67125      -18.9783 
 1.68725      -18.9783 
 1.68725      -18.9783 
 1.70225      -18.9783 
 1.70225      -24.9783 
 1.71825      -18.9783 
 1.71825      -19.9783 
 1.73425      -19.9783 
 1.73425      -19.9783 
 1.74925      -19.9783 
 1.74925      -19.9783 
 1.76525      -19.9783 
 1.76525      -20.9783 
 1.78125      -20.9783 
 1.78125      -21.9783 
 1.79625      -20.9783 
 1.79625      -20.9783 
 1.81225      -19.9783 
 1.81225      -20.9783 
 1.82725      -20.9783 
 1.82725      -20.9783 
 1.84325      -20.9783 
 1.85925      -19.9783 
 1.85925      -20.9783 
 1.85925      -20.9783 
 1.87425      -19.9783 
 1.89025      -20.9783 
 1.89025      -20.9783 
 1.90625      -19.9783 
 1.90625      -19.9783 
 1.92125      -20.9783 
 1.92125      -19.9783 
 1.93725      -19.9783 
 1.93725      -20.9783 
 1.95225      -18.9783 
 1.95225      -19.9783 
 1.96825      -19.9783 
 1.96825      -19.9783 
 1.98425      -19.9783 
 1.98425      -19.9783 
 1.99925      -18.9783 
 1.99925      -17.9783 
 2.01525      -18.9783 
 2.01525      -17.9783 
 2.03125      -18.9783 
 2.03125      -18.9783 
 2.04625      -17.9783 
 2.04625      -17.9783 
 2.06225      -16.9783 
 2.06225      -17.9783 
 2.07725      -16.9783 
 2.07725      -16.9783 
 2.09325      -16.9783 
 2.09325      -16.9783 
 2.10925      -16.9783 
 2.10925      -15.9783 
 2.12425      -15.9783 
 2.12425      -15.9783 
 2.14025      -15.9783 
 2.14025      -14.9783 
 2.15625      -14.9783 
 2.15625      -14.9783 
 2.17125      -14.9783 
 2.18725      -13.9783 
 2.18725      -13.9783 
 2.18725      -13.9783 
 2.20225      -13.9783 
 2.21825      -12.9783 
 2.21825      -10.9783 
 2.23425      -12.9783 
 2.23425      -11.9783 
 2.24925      -11.9783 
 2.24925      -11.9783 
 2.26525      -11.9783 
 2.26525      -10.9783 
 2.28125      -10.9783 
 2.28125      -10.9783 
 2.29625      -10.9783 
 2.29625      -9.9783 
 2.31225      -8.9783 
 2.31225      -8.9783 
 2.32725      -8.9783 
 2.32725      -8.9783 
 2.34325      -8.9783 
 2.34325      -7.9783 
 2.35925      -6.9783 
 2.35925      -6.9783 
 2.37425      -6.9783 
 2.37425      -6.9783 
 2.39025      -5.9783 
 2.39025      -4.9783 
 2.40625      -5.9783 
 2.40625      -4.9783 
 2.42125      -4.9783 
 2.42125      -3.9783 
 2.43725      -3.9783 
 2.43725      -3.9783 
 2.45225      -2.9783 
 2.45225      -2.9783 
 2.46825      -1.9783 
 2.46825      -2.9783 
 2.48425      -1.9783 
 2.48425      -1.9783 
 2.49925      -3.9783 
 2.51525      -0.978302 
 2.51525      -0.978302 
 2.53125       0.021698 
 2.53125       0.021698 
 2.54625       1.0217 
 2.54625       1.0217 
 2.56225       1.0217 
 2.56225       1.0217 
 2.57725       2.0217 
 2.57725       2.0217 
 2.59325       2.0217 
 2.59325       3.0217 
 2.60925       4.0217 
 2.60925       3.0217 
 2.62425       4.0217 
 2.62425       4.0217 
 2.64025       5.0217 
 2.64025       4.0217 
 2.65625       5.0217 
 2.65625       5.0217 
 2.67125       6.0217 
 2.67125       6.0217 
 2.68725       6.0217 
 2.68725       7.0217 
 2.70225       6.0217 
 2.70225       7.0217 
 2.71825       8.0217 
 2.71825       6.0217 
 2.73425       7.0217 
 2.73425       8.0217 
 2.74925       8.0217 
 2.74925       8.0217 
 2.76525       8.0217 
 2.76525       9.0217 
 2.78125       9.0217 
 2.78125       9.0217 
 2.79625       10.0217 
 2.79625       9.0217 
 2.81225       10.0217 
 2.81225       10.0217 
 2.82725       10.0217 
 2.84325       11.0217 
 2.84325       8.0217 
 2.85925       12.0217 
 2.85925       11.0217 
 2.85925       11.0217 
 2.87425       11.0217 
 2.89025       11.0217 
 2.89025       13.0217 
 2.90625       12.0217 
 2.90625       12.0217 
 2.92125       12.0217 
 2.92125       12.0217 
 2.93725       12.0217 
 2.93725       12.0217 
 2.95225       11.0217 
 2.95225       13.0217 
 2.96825       13.0217 
 2.96825       13.0217 
 2.98425       13.0217 
 2.98425       12.0217 
 2.99925       14.0217 
 2.99925       13.0217 
 3.01525       13.0217 
 3.01525       13.0217 
 3.03125       13.0217 
 3.03125       13.0217 
 3.04625       13.0217 
 3.04625       13.0217 
 3.06225       14.0217 
 3.06225       14.0217 
 3.07725       14.0217 
 3.07725       14.0217 
 3.09325       13.0217 
 3.09325       13.0217 
 3.10925       12.0217 
 3.10925       13.0217 
 3.12425       13.0217 
 3.12425       13.0217 
 3.14025       13.0217 
 3.15625       12.0217 
 3.15625       13.0217 
 3.15625       13.0217 
 3.17125       13.0217 
 3.18725       12.0217 
 3.18725       11.0217 
 3.20225       12.0217 
 3.20225       12.0217 
 3.20225       12.0217 
 3.21825       12.0217 
 3.23425       12.0217 
 3.23425       11.0217 
 3.24925       11.0217 
 3.24925       11.0217 
 3.26525       11.0217 
 3.26525       10.0217 
 3.28125       11.0217 
 3.28125       10.0217 
 3.29625       10.0217 
 3.29625       10.0217 
 3.31225       10.0217 
 3.31225       10.0217 
 3.32725       10.0217 
 3.32725       10.0217 
 3.34325       9.0217 
 3.34325       9.0217 
 3.35925       9.0217 
 3.35925       8.0217 
 3.37425       8.0217 
 3.37425       8.0217 
 3.39025       7.0217 
 3.39025       8.0217 
 3.40625       6.0217 
 3.40625       5.0217 
 3.42125       7.0217 
 3.42125       6.0217 
 3.43725       6.0217 
 3.43725       6.0217 
 3.45225       6.0217 
 3.45225       5.0217 
 3.46825       5.0217 
 3.46825       5.0217 
 3.48425       4.0217 
 3.48425       4.0217 
 3.49925       4.0217 
 3.49925       4.0217 
 3.51525       2.0217 
 3.53125       3.0217 
 3.53125       3.0217 
 3.54625       2.0217 
 3.54625       2.0217 
 3.56225      -1.9783 
 3.56225       1.0217 
 3.57725       1.0217 
 3.57725       0.021698 
 3.59325      -0.978302 
 3.59325       0.021698 
 3.60925      -0.978302 
 3.60925      -0.978302 
 3.62425      -1.9783 
 3.62425      -1.9783 
 3.64025      -1.9783 
 3.64025      -1.9783 
 3.65625      -2.9783 
 3.65625      -2.9783 
 3.67125      -3.9783 
 3.67125      -3.9783 
 3.68725      -3.9783 
 3.68725      -4.9783 
 3.70225      -4.9783 
 3.70225      -6.9783 
 3.71825      -4.9783 
 3.71825      -5.9783 
 3.73425      -5.9783 
 3.73425      -6.9783 
 3.74925      -7.9783 
 3.74925      -7.9783 
 3.76525      -10.9783 
 3.76525      -7.9783 
 3.78125      -8.9783 
 3.78125      -9.9783 
 3.79625      -8.9783 
 3.79625      -8.9783 
 3.81225      -9.9783 
 3.81225      -9.9783 
 3.82725      -10.9783 
 3.82725      -10.9783 
 3.84325      -10.9783 
 3.84325      -10.9783 
 3.85925      -10.9783 
 3.87425      -11.9783 
 3.87425      -11.9783 
 3.89025      -13.9783 
 3.89025      -12.9783 
 3.90625      -13.9783 
 3.90625      -13.9783 
 3.92125      -13.9783 
 3.92125      -13.9783 
 3.93725      -13.9783 
 3.93725      -14.9783 
 3.95225      -15.9783 
 3.95225      -14.9783 
 3.96825      -15.9783 
 3.96825      -15.9783 
 3.98425      -19.9783 
 3.98425      -16.9783 
 3.99925      -16.9783 
 3.99925      -15.9783 
 4.01525      -16.9783 
 4.01525      -16.9783 
 4.03125      -16.9783 
 4.03125      -16.9783 
 4.04625      -17.9783 
 4.04625      -17.9783 
 4.06225      -17.9783 
 4.06225      -17.9783 
 4.07725      -18.9783 
 4.07725      -18.9783 
 4.09325      -18.9783 
 4.09325      -18.9783 
 4.10925      -18.9783 
 4.10925      -18.9783 
 4.12425      -18.9783 
 4.12425      -18.9783 
 4.14025      -19.9783 
 4.14025      -18.9783 
 4.15625      -19.9783 
 4.15625      -19.9783 
 4.17125      -19.9783 
 4.17125      -19.9783 
 4.18725      -19.9783 
 4.20225      -20.9783 
 4.20225      -20.9783 
 4.20225      -20.9783 
 4.21825      -20.9783 
 4.23425      -18.9783 
 4.23425      -19.9783 
 4.24925      -20.9783 
 4.24925      -20.9783 
 4.26525      -20.9783 
 4.26525      -20.9783 
 4.28125      -20.9783 
 4.28125      -19.9783 
 4.29625      -19.9783 
 4.29625      -20.9783 
 4.31225      -20.9783 
 4.31225      -20.9783 
 4.32725      -20.9783 
 4.32725      -20.9783 
 4.34325      -19.9783 
 4.34325      -18.9783 
 4.35925      -22.9783 
 4.35925      -19.9783 
 4.37425      -19.9783 
 4.37425      -19.9783 
 4.39025      -17.9783 
 4.39025      -19.9783 
 4.40625      -19.9783 
 4.40625      -15.9783 
 4.42125      -18.9783 
 4.42125      -19.9783 
 4.43725      -18.9783 
 4.43725      -18.9783 
 4.45225      -18.9783 
 4.45225      -18.9783 
 4.46825      -18.9783 
 4.46825      -18.9783 
 4.48425      -18.9783 
 4.48425      -18.9783 
 4.49925      -17.9783 
 4.51525      -18.9783 
 4.51525      -17.9783 
 4.51525      -17.9783 
 4.53125      -17.9783 
 4.54625      -16.9783 
 4.54625      -16.9783 
 4.56225      -16.9783 
 4.56225      -15.9783 
 4.57725      -16.9783 
 4.57725      -15.9783 
 4.59325      -15.9783 
 4.59325      -15.9783 
 4.60925      -14.9783 
 4.60925      -14.9783 
 4.62425      -11.9783 
 4.62425      -14.9783 
 4.64025      -13.9783 
 4.64025      -13.9783 
 4.65625      -13.9783 
 4.65625      -13.9783 
 4.67125      -12.9783 
 4.67125      -12.9783 
 4.68725      -11.9783 
 4.68725      -11.9783 
 4.70225      -11.9783 
 4.70225      -11.9783 
 4.71825      -10.9783 
 4.71825      -10.9783 
 4.73425      -10.9783 
 4.73425      -10.9783 
 4.74925      -9.9783 
 4.74925      -9.9783 
 4.76525      -9.9783 
 4.76525      -7.9783 
 4.78125      -8.9783 
 4.78125      -8.9783 
 4.79625      -7.9783 
 4.79625      -10.9783 
 4.81225      -6.9783 
 4.81225      -7.9783 
 4.82725      -5.9783 
 4.84325      -6.9783 
 4.84325      -6.9783 
 4.85925      -5.9783 
 4.85925      -4.9783 
 4.85925      -4.9783 
 4.87425      -2.9783 
 4.89025      -4.9783 
 4.89025      -2.9783 
 4.90625      -3.9783 
 4.90625      -2.9783 
 4.92125      -2.9783 
 4.92125      -1.9783 
 4.93725      -2.9783 
 4.93725      -1.9783 
 4.95225      -1.9783 
 4.95225      -0.978302 
 4.96825      -0.978302 
 4.96825      -0.978302 
 4.98425       0.021698 
 4.98425       1.0217 
 4.99925       1.0217 
 4.99925       0.021698 
 5.01525       1.0217 
 5.01525       1.0217 
 5.03125       2.0217 
 5.03125       2.0217 
 5.04625       2.0217 
 5.04625       2.0217 
 5.06225       3.0217 
 5.06225       3.0217 
 5.07725       3.0217 
 5.07725       4.0217 
 5.09325       5.0217 
 5.09325       4.0217 
 5.10925       5.0217 
 5.10925       5.0217 
 5.12425       5.0217 
 5.12425       6.0217 
 5.14025       6.0217 
 5.14025       6.0217 
 5.15625       6.0217 
 5.17125       7.0217 
 5.17125       7.0217 
 5.17125       7.0217 
 5.18725       8.0217 
 5.18725       8.0217 
 5.20225       8.0217 
 5.20225       8.0217 
 5.21825       8.0217 
 5.23425       9.0217 
 5.23425       9.0217 
 5.24925       9.0217 
 5.24925       10.0217 
 5.26525       9.0217 
 5.26525       10.0217 
 5.28125       10.0217 
 5.28125       10.0217 
 5.29625       11.0217 
 5.29625       10.0217 
 5.31225       10.0217 
 5.31225       11.0217 
 5.32725       11.0217 
 5.32725       11.0217 
 5.34325       11.0217 
 5.34325       11.0217 
 5.35925       12.0217 
 5.35925       11.0217 
 5.37425       12.0217 
 5.37425       12.0217 
 5.39025       12.0217 
 5.39025       13.0217 
 5.40625       12.0217 
 5.40625       12.0217 
 5.42125       12.0217 
 5.42125       13.0217 
 5.43725       13.0217 
 5.43725       14.0217 
 5.45225       14.0217 
 5.45225       14.0217 
 5.46825       13.0217 
 5.46825       14.0217 
 5.48425       14.0217 
 5.49925       13.0217 
 5.49925       13.0217 
 5.49925       13.0217 
 5.51525       13.0217 
 5.51525       13.0217 
 5.53125       13.0217 
 5.53125       13.0217 
 5.54625       13.0217 
 5.56225       13.0217 
 5.56225       13.0217 
 5.57725       12.0217 
 5.57725       13.0217 
 5.59325       13.0217 
 5.59325       13.0217 
 5.60925       13.0217 
 5.60925       13.0217 
 5.62425       12.0217 
 5.62425       12.0217 
 5.64025       12.0217 
 5.64025       13.0217 
 5.65625       12.0217 
 5.65625       12.0217 
 5.67125       12.0217 
 5.67125       12.0217 
 5.68725       12.0217 
 5.68725       11.0217 
 5.70225       11.0217 
 5.70225       11.0217 
 5.71825       11.0217 
 5.71825       11.0217 
 5.73425       10.0217 
 5.73425       10.0217 
 5.74925       10.0217 
 5.74925       10.0217 
 5.76525       10.0217 
 5.76525       9.0217 
 5.78125       9.0217 
 5.78125       9.0217 
 5.79625       10.0217 
 5.79625       9.0217 
 5.81225       9.0217 
 5.82725       8.0217 
 5.82725       8.0217 
 5.82725       8.0217 
 5.84325       8.0217 
 5.84325       8.0217 
 5.85925       7.0217 
 5.85925       7.0217 
 5.87425       7.0217 
 5.89025       7.0217 
 5.89025       6.0217 
 5.90625       6.0217 
 5.90625       6.0217 
 5.92125       5.0217 
 5.92125       5.0217 
 5.93725       5.0217 
 5.93725       4.0217 
 5.95225       5.0217 
 5.95225       4.0217 
 5.96825       3.0217 
 5.96825       3.0217 
 5.98425       2.0217 
 5.98425       2.0217 
 5.99925       2.0217 
 5.99925       1.0217 
 6.01525       1.0217 
 6.01525       1.0217 
 6.03125       1.0217 
 6.03125       0.021698 
 6.04625       0.021698 
 6.04625       0.021698 
 6.06225      -0.978302 
 6.06225      -0.978302 
 6.07725      -1.9783 
 6.07725      -0.978302 
 6.09325      -1.9783 
 6.09325      -1.9783 
 6.10925      -2.9783 
 6.10925      -2.9783 
 6.12425      -2.9783 
 6.12425      -2.9783 
 6.14025      -4.9783 
 6.14025      -3.9783 
 6.15625      -3.9783 
 6.17125      -4.9783 
 6.17125      -4.9783 
 6.17125      -4.9783 
 6.18725      -5.9783 
 6.18725      -5.9783 
 6.20225      -6.9783 
 6.20225      -6.9783 
 6.21825      -7.9783 
 6.23425      -6.9783 
 6.23425      -7.9783 
 6.24925      -7.9783 
 6.24925      -7.9783 
 6.26525      -9.9783 
 6.26525      -8.9783 
 6.28125      -9.9783 
 6.28125      -9.9783 
 6.29625      -9.9783 
 6.29625      -9.9783 
 6.31225      -10.9783 
 6.31225      -10.9783 
 6.32725      -8.9783 
 6.32725      -11.9783 
 6.34325      -11.9783 
 6.34325      -11.9783 
 6.35925      -12.9783 
 6.35925      -12.9783 
 6.37425      -12.9783 
 6.37425      -13.9783 
 6.39025      -13.9783 
 6.39025      -13.9783 
 6.40625      -13.9783 
 6.40625      -14.9783 
 6.42125      -14.9783 
 6.42125      -15.9783 
 6.43725      -14.9783 
 6.43725      -17.9783 
 6.45225      -16.9783 
 6.45225      -17.9783 
 6.46825      -16.9783 
 6.46825      -16.9783 
 6.48425      -16.9783 
 6.48425      -16.9783 
 6.49925      -17.9783 
 6.49925      -17.9783 
 6.51525      -17.9783 
 6.51525      -17.9783 
 6.53125      -17.9783 
 6.53125      -17.9783 
 6.54625      -17.9783 
 6.56225      -18.9783 
 6.56225      -18.9783 
 6.57725      -18.9783 
 6.57725      -17.9783 
 6.59325      -19.9783 
 6.59325      -18.9783 
 6.60925      -18.9783 
 6.60925      -19.9783 
 6.62425      -19.9783 
 6.62425      -19.9783 
 6.64025      -19.9783 
 6.64025      -19.9783 
 6.65625      -20.9783 
 6.65625      -20.9783 
 6.67125      -20.9783 
 6.67125      -19.9783 
 6.68725      -20.9783 
 6.68725      -20.9783 
 6.70225      -20.9783 
 6.70225      -20.9783 
 6.71825      -20.9783 
 6.71825      -19.9783 
 6.73425      -19.9783 
 6.73425      -20.9783 
 6.74925      -19.9783 
 6.74925      -17.9783 
 6.76525      -19.9783 
 6.76525      -19.9783 
 6.78125      -20.9783 
 6.78125      -19.9783 
 6.79625      -19.9783 
 6.79625      -19.9783 
 6.81225      -19.9783 
 6.81225      -17.9783 
 6.82725      -19.9783 
 6.82725      -19.9783 
 6.84325      -19.9783 
 6.84325      -19.9783 
 6.85925      -18.9783 
 6.87425      -19.9783 
 6.87425      -18.9783 
 6.89025      -20.9783 
 6.89025      -18.9783 
 6.90625      -19.9783 
 6.90625      -18.9783 
 6.92125      -17.9783 
 6.92125      -18.9783 
 6.93725      -17.9783 
 6.93725      -17.9783 
 6.95225      -17.9783 
 6.95225      -17.9783 
 6.96825      -17.9783 
 6.96825      -18.9783 
 6.98425      -16.9783 
 6.98425      -17.9783 
 6.99925      -16.9783 
 6.99925      -17.9783 
 7.01525      -17.9783 
 7.01525      -16.9783 
 7.03125      -15.9783 
 7.03125      -15.9783 
 7.04625      -15.9783 
 7.04625      -15.9783 
 7.06225      -15.9783 
 7.06225      -15.9783 
 7.07725      -14.9783 
 7.07725      -14.9783 
 7.09325      -14.9783 
 7.09325      -13.9783 
 7.10925      -14.9783 
 7.10925      -12.9783 
 7.12425      -13.9783 
 7.12425      -12.9783 
 7.14025      -13.9783 
 7.14025      -12.9783 
 7.15625      -12.9783 
 7.15625      -12.9783 
 7.17125      -11.9783 
 7.17125      -11.9783 
 7.18725      -11.9783 
 7.20225      -10.9783 
 7.20225      -10.9783 
 7.20225      -10.9783 
 7.21825      -10.9783 
 7.23425      -9.9783 
 7.23425      -9.9783 
 7.24925      -9.9783 
 7.24925      -8.9783 
 7.26525      -7.9783 
 7.26525      -8.9783 
 7.28125      -7.9783 
 7.28125      -7.9783 
 7.29625      -6.9783 
 7.29625      -6.9783 
 7.31225      -5.9783 
 7.31225      -5.9783 
 7.32725      -5.9783 
 7.32725      -4.9783 
 7.34325      -4.9783 
 7.34325      -4.9783 
 7.35925      -3.9783 
 7.35925      -3.9783 
 7.37425      -2.9783 
 7.37425      -2.9783 
 7.39025      -2.9783 
 7.39025      -2.9783 
 7.40625      -1.9783 
 7.40625      -1.9783 
 7.42125      -0.978302 
 7.42125      -0.978302 
 7.43725       0.021698 
 7.43725      -0.978302 
 7.45225      -0.978302 
 7.45225       0.021698 
 7.46825       1.0217 
 7.46825       1.0217 
 7.48425       1.0217 
 7.48425       1.0217 
 7.49925       2.0217 
 7.49925       2.0217 
 7.51525       2.0217 
 7.53125       3.0217 
 7.53125       1.0217 
 7.54625       3.0217 
 7.54625       3.0217 
 7.56225       4.0217 
 7.56225       4.0217 
 7.57725       4.0217 
 7.57725       5.0217 
 7.59325       5.0217 
 7.59325       5.0217 
 7.60925       6.0217 
 7.60925       6.0217 
 7.62425       8.0217 
 7.62425       6.0217 
 7.64025       7.0217 
 7.64025       2.0217 
 7.65625       7.0217 
 7.65625       7.0217 
 7.67125       8.0217 
 7.67125       8.0217 
 7.68725       8.0217 
 7.68725       9.0217 
 7.70225       8.0217 
 7.70225       9.0217 
 7.71825       9.0217 
 7.71825       9.0217 
 7.73425       10.0217 
 7.73425       11.0217 
 7.74925       10.0217 
 7.74925       10.0217 
 7.76525       10.0217 
 7.76525       9.0217 
 7.78125       11.0217 
 7.78125       11.0217 
 7.79625       11.0217 
 7.79625       12.0217 
 7.81225       12.0217 
 7.81225       12.0217 
 7.82725       12.0217 
 7.82725       12.0217 
 7.84325       12.0217 
 7.84325       12.0217 
 7.85925       12.0217 
 7.85925       12.0217 
 7.87425       13.0217 
 7.89025       13.0217 
 7.89025       13.0217 
 7.90625       13.0217 
 7.90625       12.0217 
 7.92125       13.0217 
 7.92125       13.0217 
 7.93725       14.0217 
 7.93725       13.0217 
 7.95225       12.0217 
 7.95225       13.0217 
 7.96825       13.0217 
 7.96825       13.0217 
 7.98425       12.0217 
 7.98425       13.0217 
 7.99925       13.0217 
 7.99925       11.0217 
 8.01525       13.0217 
 8.01525       12.0217 
 8.03125       13.0217 
 8.03125       12.0217 
 8.04625       13.0217 
 8.04625       13.0217 
 8.06225       13.0217 
 8.06225       13.0217 
 8.07725       13.0217 
 8.07725       13.0217 
 8.09325       12.0217 
 8.09325       12.0217 
 8.10925       12.0217 
 8.10925       12.0217 
 8.12425       12.0217 
 8.12425       12.0217 
 8.14025       12.0217 
 8.14025       12.0217 
 8.15625       12.0217 
 8.15625       12.0217 
 8.17125       11.0217 
 8.18725       12.0217 
 8.18725       9.0217 
 8.20225       11.0217 
 8.20225       10.0217 
 8.20225       10.0217 
 8.21825       10.0217 
 8.23425       10.0217 
 8.23425       10.0217 
 8.24925       9.0217 
 8.24925       9.0217 
 8.26525       8.0217 
 8.26525       8.0217 
 8.28125       9.0217 
 8.28125       8.0217 
 8.29625       8.0217 
 8.29625       8.0217 
 8.31225       8.0217 
 8.31225       7.0217 
 8.32725       8.0217 
 8.32725       7.0217 
 8.34325       7.0217 
 8.34325       6.0217 
 8.35925       6.0217 
 8.35925       6.0217 
 8.37425       5.0217 
 8.37425       5.0217 
 8.39025       5.0217 
 8.39025       5.0217 
 8.40625       5.0217 
 8.40625       4.0217 
 8.42125       5.0217 
 8.42125       4.0217 
 8.43725       3.0217 
 8.43725       3.0217 
 8.45225       2.0217 
 8.45225       1.0217 
 8.46825       2.0217 
 8.46825       1.0217 
 8.48425       1.0217 
 8.48425       1.0217 
 8.49925       1.0217 
 8.51525       0.021698 
 8.51525       0.021698 
 8.51525       0.021698 
 8.53125      -0.978302 
 8.53125      -0.978302 
 8.54625      -0.978302 
 8.56225      -1.9783 
 8.56225      -1.9783 
 8.57725      -1.9783 
 8.57725      -2.9783 
 8.59325      -2.9783 
 8.59325      -2.9783 
 8.60925      -2.9783 
 8.60925      -3.9783 
 8.62425      -4.9783 
 8.62425      -3.9783 
 8.64025      -4.9783 
 8.64025      -4.9783 
 8.65625      -4.9783 
 8.65625      -5.9783 
 8.67125      -5.9783 
 8.67125      -5.9783 
 8.68725      -5.9783 
 8.68725      -6.9783 
 8.70225      -7.9783 
 8.70225      -7.9783 
 8.71825      -7.9783 
 8.71825      -8.9783 
 8.73425      -8.9783 
 8.73425      -8.9783 
 8.74925      -8.9783 
 8.74925      -9.9783 
 8.76525      -14.9783 
 8.76525      -9.9783 
 8.78125      -11.9783 
 8.78125      -10.9783 
 8.79625      -11.9783 
 8.79625      -10.9783 
 8.81225      -11.9783 
 8.81225      -11.9783 
 8.82725      -12.9783 
 8.82725      -12.9783 
 8.84325      -14.9783 
 8.85925      -12.9783 
 8.85925      -13.9783 
 8.85925      -13.9783 
 8.87425      -13.9783 
 8.89025      -13.9783 
 8.89025      -13.9783 
 8.90625      -14.9783 
 8.90625      -14.9783 
 8.92125      -14.9783 
 8.92125      -15.9783 
 8.93725      -15.9783 
 8.93725      -16.9783 
 8.95225      -15.9783 
 8.95225      -15.9783 
 8.96825      -16.9783 
 8.96825      -15.9783 
 8.98425      -16.9783 
 8.98425      -16.9783 
 8.99925      -16.9783 
 8.99925      -16.9783 
 9.01525      -17.9783 
 9.01525      -19.9783 
 9.03125      -17.9783 
 9.03125      -17.9783 
 9.04625      -17.9783 
 9.04625      -17.9783 
 9.06225      -17.9783 
 9.06225      -18.9783 
 9.07725      -19.9783 
 9.07725      -18.9783 
 9.09325      -18.9783 
 9.09325      -19.9783 
 9.10925      -18.9783 
 9.10925      -19.9783 
 9.12425      -19.9783 
 9.12425      -19.9783 
 9.14025      -19.9783 
 9.14025      -19.9783 
 9.15625      -19.9783 
 9.15625      -19.9783 
 9.17125      -19.9783 
 9.17125      -19.9783 
 9.18725      -19.9783 
 9.18725      -19.9783 
 9.20225      -19.9783 
 9.21825      -19.9783 
 9.21825      -19.9783 
 9.23425      -19.9783 
 9.23425      -19.9783 
 9.24925      -19.9783 
 9.24925      -19.9783 
 9.26525      -17.9783 
 9.26525      -19.9783 
 9.28125      -19.9783 
 9.28125      -18.9783 
 9.29625      -19.9783 
 9.29625      -19.9783 
 9.31225      -18.9783 
 9.31225      -18.9783 
 9.32725      -18.9783 
 9.32725      -18.9783 
 9.34325      -17.9783 
 9.34325      -18.9783 
 9.35925      -18.9783 
 9.35925      -18.9783 
 9.37425      -18.9783 
 9.37425      -18.9783 
 9.39025      -18.9783 
 9.39025      -18.9783 
 9.40625      -18.9783 
 9.40625      -18.9783 
 9.42125      -18.9783 
 9.42125      -18.9783 
 9.43725      -17.9783 
 9.43725      -19.9783 
 9.45225      -17.9783 
 9.45225      -17.9783 
 9.46825      -16.9783 
 9.46825      -16.9783 
 9.48425      -16.9783 
 9.48425      -16.9783 
 9.49925      -17.9783 
 9.51525      -16.9783 
 9.51525      -15.9783 
 9.51525      -15.9783 
 9.53125      -11.9783 
 9.54625      -15.9783 
 9.54625      -15.9783 
 9.56225      -14.9783 
 9.56225      -14.9783 
 9.57725      -14.9783 
 9.57725      -14.9783 
 9.59325      -13.9783 
 9.59325      -13.9783 
 9.60925      -13.9783 
 9.60925      -13.9783 
 9.62425      -12.9783 
 9.62425      -12.9783 
 9.64025      -11.9783 
 9.64025      -12.9783 
 9.65625      -11.9783 
 9.65625      -11.9783 
 9.67125      -16.9783 
 9.67125      -10.9783 
 9.68725      -10.9783 
 9.68725      -9.9783 
 9.70225      -9.9783 
 9.70225      -9.9783 
 9.71825      -10.9783 
 9.71825      -8.9783 
 9.73425      -7.9783 
 9.73425      -7.9783 
 9.74925      -7.9783 
 9.74925      -7.9783 
 9.76525      -6.9783 
 9.76525      -6.9783 
 9.78125      -6.9783 
 9.78125      -5.9783 
 9.79625      -5.9783 
 9.79625      -5.9783 
 9.81225      -4.9783 
 9.81225      -2.9783 
 9.82725      -3.9783 
 9.82725      -3.9783 
 9.84325      -3.9783 
 9.84325      -3.9783 
 9.85925      -3.9783 
 9.87425      -2.9783 
 9.87425      -2.9783 
 9.89025      -2.9783 
 9.89025      -1.9783 
 9.90625      -2.9783 
 9.90625      -0.978302 
 9.92125      -0.978302 
 9.92125       0.021698 
 9.93725       0.021698 
 9.93725       1.0217 
 9.95225       0.021698 
 9.95225       1.0217 
 9.96825       1.0217 
 9.96825       1.0217 
 9.98425       2.0217 
 9.98425       2.0217 
 9.99925       2.0217 
 9.99925       2.0217 
 10.0153       3.0217 
 10.0153       2.0217 
 10.0313       3.0217 
 10.0313       4.0217 
 10.0463       4.0217 
 10.0463       4.0217 
 10.0623       4.0217 
 10.0623       5.0217 
 10.0772       5.0217 
 10.0772       5.0217 
 10.0932       6.0217 
 10.0932       6.0217 
 10.1092       6.0217 
 10.1092       7.0217 
 10.1243       7.0217 
 10.1243       7.0217 
 10.1403       7.0217 
 10.1403       8.0217 
 10.1563       8.0217 
 10.1713       9.0217 
 10.1713       9.0217 
 10.1713       9.0217 
 10.1873       9.0217 
 10.1873       9.0217 
 10.2022       10.0217 
 10.2022       10.0217 
 10.2182       10.0217 
 10.2342       10.0217 
 10.2342       10.0217 
 10.2493       11.0217 
 10.2493       11.0217 
 10.2653       11.0217 
 10.2653       11.0217 
 10.2813       6.0217 
 10.2813       11.0217 
 10.2963       12.0217 
 10.2963       12.0217 
 10.3123       12.0217 
 10.3123       12.0217 
 10.3272       12.0217 
 10.3272       12.0217 
 10.3432       12.0217 
 10.3432       12.0217 
 10.3592       13.0217 
 10.3592       12.0217 
 10.3743       12.0217 
 10.3743       12.0217 
 10.3903       12.0217 
 10.3903       12.0217 
 10.4063       12.0217 
 10.4063       13.0217 
 10.4213       13.0217 
 10.4213       12.0217 
 10.4373       13.0217 
 10.4373       13.0217 
 10.4522       12.0217 
 10.4522       13.0217 
 10.4682       12.0217 
 10.4682       13.0217 
 10.4842       12.0217 
 10.4993       13.0217 
 10.4993       16.0217 
 10.5153       13.0217 
 10.5153       13.0217 
 10.5153       13.0217 
 10.5313       13.0217 
 10.5313       13.0217 
 10.5463       11.0217 
 10.5623       13.0217 
 10.5623       12.0217 
 10.5772       12.0217 
 10.5772       12.0217 
 10.5932       12.0217 
 10.5932       12.0217 
 10.6092       12.0217 
 10.6092       10.0217 
 10.6243       11.0217 
 10.6243       12.0217 
 10.6403       12.0217 
 10.6403       11.0217 
 10.6563       11.0217 
 10.6563       11.0217 
 10.6713       10.0217 
 10.6713       10.0217 
 10.6873       10.0217 
 10.6873       10.0217 
 10.7022       10.0217 
 10.7022       10.0217 
 10.7182       9.0217 
 10.7182       9.0217 
 10.7342       9.0217 
 10.7342       3.0217 
 10.7493       8.0217 
 10.7493       8.0217 
 10.7653       8.0217 
 10.7653       8.0217 
 10.7813       8.0217 
 10.7813       8.0217 
 10.7963       8.0217 
 10.7963       7.0217 
 10.8123       6.0217 
 10.8272       7.0217 
 10.8272       6.0217 
 10.8272       6.0217 
 10.8432       5.0217 
 10.8592       6.0217 
 10.8592       5.0217 
 10.8592       5.0217 
 10.8743       5.0217 
 10.8903       5.0217 
 10.8903       4.0217 
 10.9063       4.0217 
 10.9063       4.0217 
 10.9213       3.0217 
 10.9213       2.0217 
 10.9373       3.0217 
 10.9373       3.0217 
 10.9522       2.0217 
 10.9522       2.0217 
 10.9682       2.0217 
 10.9682       1.0217 
 10.9842       1.0217 
 10.9842       1.0217 
 10.9993       0.021698 
 10.9993       0.021698 
 11.0153       0.021698 
 11.0153       0.021698 
 11.0313      -0.978302 
 11.0313      -0.978302 
 11.0463      -1.9783 
 11.0463      -1.9783 
 11.0623      -1.9783 
 11.0623      -2.9783 
 11.0772      -2.9783 
 11.0772      -2.9783 
 11.0932      -2.9783 
 11.0932      -3.9783 
 11.1092      -3.9783 
 11.1092      -4.9783 
 11.1243      -4.9783 
 11.1243      -4.9783 
 11.1403      -5.9783 
 11.1403      -5.9783 
 11.1563      -5.9783 
 11.1563      -5.9783 
 11.1713      -6.9783 
 11.1873      -7.9783 
 11.1873      -7.9783 
 11.1873      -7.9783 
 11.2022      -7.9783 
 11.2182      -7.9783 
 11.2182      -8.9783 
 11.2342      -9.9783 
 11.2342      -9.9783 
 11.2493      -9.9783 
 11.2493      -9.9783 
 11.2653      -10.9783 
 11.2653      -10.9783 
 11.2813      -10.9783 
 11.2813      -11.9783 
 11.2963      -11.9783 
 11.2963      -11.9783 
 11.3123      -12.9783 
 11.3123      -12.9783 
 11.3272      -12.9783 
 11.3272      -12.9783 
 11.3432      -16.9783 
 11.3432      -13.9783 
 11.3592      -13.9783 
 11.3592      -14.9783 
 11.3743      -14.9783 
 11.3743      -14.9783 
 11.3903      -14.9783 
 11.3903      -14.9783 
 11.4063      -15.9783 
 11.4063      -14.9783 
 11.4213      -15.9783 
 11.4213      -16.9783 
 11.4373      -16.9783 
 11.4373      -15.9783 
 11.4522      -15.9783 
 11.4522      -16.9783 
 11.4682      -16.9783 
 11.4682      -17.9783 
 11.4842      -15.9783 
 11.4993      -16.9783 
 11.4993      -17.9783 
 11.4993      -17.9783 
 11.5153      -17.9783 
 11.5153      -17.9783 
 11.5313      -17.9783 
 11.5463      -18.9783 
 11.5463      -18.9783 
 11.5623      -17.9783 
 11.5623      -18.9783 
 11.5772      -18.9783 
 11.5772      -18.9783 
 11.5932      -18.9783 
 11.5932      -18.9783 
 11.6092      -18.9783 
 11.6092      -18.9783 
 11.6243      -19.9783 
 11.6243      -18.9783 
 11.6403      -21.9783 
 11.6403      -19.9783 
 11.6563      -19.9783 
 11.6563      -19.9783 
 11.6713      -19.9783 
 11.6713      -19.9783 
 11.6873      -20.9783 
 11.6873      -20.9783 
 11.7022      -19.9783 
 11.7022      -19.9783 
 11.7182      -19.9783 
 11.7182      -19.9783 
 11.7342      -19.9783 
 11.7342      -19.9783 
 11.7493      -19.9783 
 11.7493      -19.9783 
 11.7653      -19.9783 
 11.7653      -19.9783 
 11.7813      -19.9783 
 11.7813      -19.9783 
 11.7963      -19.9783 
 11.7963      -19.9783 
 11.8123      -20.9783 
 11.8123      -18.9783 
 11.8272      -19.9783 
 11.8432      -22.9783 
 11.8432      -18.9783 
 11.8432      -18.9783 
 11.8592      -18.9783 
 11.8592      -18.9783 
 11.8743      -18.9783 
 11.8903      -18.9783 
 11.8903      -18.9783 
 11.9063      -18.9783 
 11.9063      -17.9783 
 11.9213      -17.9783 
 11.9213      -17.9783 
 11.9373      -18.9783 
 11.9373      -16.9783 
 11.9522      -17.9783 
 11.9522      -16.9783 
 11.9682      -16.9783 
 11.9682      -17.9783 
 11.9842      -16.9783 
 11.9842      -16.9783 
 11.9993      -15.9783 
 11.9993      -17.9783 
 12.0153      -14.9783 
 12.0153      -14.9783 
 12.0313      -15.9783 
 12.0313      -14.9783 
 12.0463      -14.9783 
 12.0463      -14.9783 
 12.0623      -14.9783 
 12.0623      -13.9783 
 12.0772      -13.9783 
 12.0772      -12.9783 
 12.0932      -12.9783 
 12.0932      -11.9783 
 12.1092      -11.9783 
 12.1092      -11.9783 
 12.1243      -11.9783 
 12.1243      -11.9783 
 12.1403      -10.9783 
 12.1403      -10.9783 
 12.1563      -9.9783 
 12.1563      -9.9783 
 12.1713      -8.9783 
 12.1873      -10.9783 
 12.1873      -8.9783 
 12.1873      -8.9783 
 12.2022      -8.9783 
 12.2182      -8.9783 
 12.2182      -7.9783 
 12.2342      -7.9783 
 12.2342      -7.9783 
 12.2493      -7.9783 
 12.2493      -6.9783 
 12.2653      -6.9783 
 12.2653      -9.9783 
 12.2813      -5.9783 
 12.2813      -4.9783 
 12.2963      -5.9783 
 12.2963      -4.9783 
 12.3123      -4.9783 
 12.3123      -4.9783 
 12.3272      -3.9783 
 12.3272      -3.9783 
 12.3432      -2.9783 
 12.3432      -2.9783 
 12.3592      -2.9783 
 12.3592      -1.9783 
 12.3743      -1.9783 
 12.3743      -1.9783 
 12.3903      -0.978302 
 12.3903      -0.978302 
 12.4063      -0.978302 
 12.4063       0.021698 
 12.4213       0.021698 
 12.4213       0.021698 
 12.4373       1.0217 
 12.4373       1.0217 
 12.4522       2.0217 
 12.4522       1.0217 
 12.4682       2.0217 
 12.4682       2.0217 
 12.4842       2.0217 
 12.4993       3.0217 
 12.4993       4.0217 
 12.5153       0.021698 
 12.5153       4.0217 
 12.5153       4.0217 
 12.5313       5.0217 
 12.5313       5.0217 
 12.5463       5.0217 
 12.5623       6.0217 
 12.5623       6.0217 
 12.5772       7.0217 
 12.5772       7.0217 
 12.5932       7.0217 
 12.5932       7.0217 
 12.6092       8.0217 
 12.6092       6.0217 
 12.6243       5.0217 
 12.6243       7.0217 
 12.6403       7.0217 
 12.6403       8.0217 
 12.6563       8.0217 
 12.6563       8.0217 
 12.6713       9.0217 
 12.6713       10.0217 
 12.6873       9.0217 
 12.6873       9.0217 
 12.7022       9.0217 
 12.7022       10.0217 
 12.7182       10.0217 
 12.7182       10.0217 
 12.7342       10.0217 
 12.7342       11.0217 
 12.7493       11.0217 
 12.7493       11.0217 
 12.7653       12.0217 
 12.7653       11.0217 
 12.7813       12.0217 
 12.7813       12.0217 
 12.7963       12.0217 
 12.7963       12.0217 
 12.8123       11.0217 
 12.8272       12.0217 
 12.8272       14.0217 
 12.8432       13.0217 
 12.8432       12.0217 
 12.8592       13.0217 
 12.8592       13.0217 
 12.8592       13.0217 
 12.8743       13.0217 
 12.8903       13.0217 
 12.8903       13.0217 
 12.9063       14.0217 
 12.9063       12.0217 
 12.9213       13.0217 
 12.9213       13.0217 
 12.9373       13.0217 
 12.9373       13.0217 
 12.9522       13.0217 
 12.9522       13.0217 
 12.9682       13.0217 
 12.9682       13.0217 
 12.9842       13.0217 
 12.9842       13.0217 
 12.9993       13.0217 
 12.9993       13.0217 
 13.0153       12.0217 
 13.0153       13.0217 
 13.0313       13.0217 
 13.0313       12.0217 
 13.0463       12.0217 
 13.0463       12.0217 
 13.0623       12.0217 
 13.0623       12.0217 
 13.0772       11.0217 
 13.0772       12.0217 
 13.0932       11.0217 
 13.0932       12.0217 
 13.1092       11.0217 
 13.1092       11.0217 
 13.1243       11.0217 
 13.1243       11.0217 
 13.1403       11.0217 
 13.1563       10.0217 
 13.1563       11.0217 
 13.1713       10.0217 
 13.1713       10.0217 
 13.1713       10.0217 
 13.1873       10.0217 
 13.1873       10.0217 
 13.2022       9.0217 
 13.2182       10.0217 
 13.2182       9.0217 
 13.2342       10.0217 
 13.2342       8.0217 
 13.2493       8.0217 
 13.2493       8.0217 
 13.2653       8.0217 
 13.2653       7.0217 
 13.2813       7.0217 
 13.2813       7.0217 
 13.2963       5.0217 
 13.2963       6.0217 
 13.3123       7.0217 
 13.3123       6.0217 
 13.3272       5.0217 
 13.3272       5.0217 
 13.3432       5.0217 
 13.3432       5.0217 
 13.3592       4.0217 
 13.3592       4.0217 
 13.3743       4.0217 
 13.3743       3.0217 
 13.3903       3.0217 
 13.3903       2.0217 
 13.4063       3.0217 
 13.4063       2.0217 
 13.4213       2.0217 
 13.4213       1.0217 
 13.4373       1.0217 
 13.4373       1.0217 
 13.4522       0.021698 
 13.4522       0.021698 
 13.4682       0.021698 
 13.4682       0.021698 
 13.4842       0.021698 
 13.4842       0.021698 
 13.4993      -0.978302 
 13.4993      -0.978302 
 13.5153      -1.9783 
 13.5313      -0.978302 
 13.5313      -3.9783 
 13.5463      -2.9783 
 13.5463      -2.9783 
 13.5623      -2.9783 
 13.5623      -2.9783 
 13.5772      -3.9783 
 13.5772      -3.9783 
 13.5932      -4.9783 
 13.5932      -3.9783 
 13.6092      -4.9783 
 13.6092      -5.9783 
 13.6243      -5.9783 
 13.6243      -5.9783 
 13.6403      -6.9783 
 13.6403      -6.9783 
 13.6563      -5.9783 
 13.6563      -7.9783 
 13.6713      -7.9783 
 13.6713      -7.9783 
 13.6873      -8.9783 
 13.6873      -8.9783 
 13.7022      -8.9783 
 13.7022      -9.9783 
 13.7182      -9.9783 
 13.7182      -9.9783 
 13.7342      -10.9783 
 13.7342      -10.9783 
 13.7493      -10.9783 
 13.7493      -10.9783 
 13.7653      -11.9783 
 13.7653      -11.9783 
 13.7813      -11.9783 
 13.7813      -11.9783 
 13.7963      -12.9783 
 13.7963      -12.9783 
 13.8123      -12.9783 
 13.8123      -13.9783 
 13.8272      -13.9783 
 13.8432      -19.9783 
 13.8432      -13.9783 
 13.8592      -14.9783 
 13.8592      -14.9783 
 13.8592      -14.9783 
 13.8743      -15.9783 
 13.8903      -15.9783 
 13.8903      -14.9783 
 13.9063      -15.9783 
 13.9063      -15.9783 
 13.9213      -16.9783 
 13.9213      -16.9783 
 13.9373      -16.9783 
 13.9373      -17.9783 
 13.9522      -16.9783 
 13.9522      -17.9783 
 13.9682      -17.9783 
 13.9682      -17.9783 
 13.9842      -17.9783 
 13.9842      -17.9783 
 13.9993      -17.9783 
 13.9993      -18.9783 
 14.0153      -18.9783 
 14.0153      -18.9783 
 14.0313      -18.9783 
 14.0313      -18.9783 
 14.0463      -19.9783 
 14.0463      -18.9783 
 14.0623      -19.9783 
 14.0623      -19.9783 
 14.0772      -19.9783 
 14.0772      -19.9783 
 14.0932      -19.9783 
 14.0932      -19.9783 
 14.1092      -19.9783 
 14.1092      -19.9783 
 14.1243      -19.9783 
 14.1243      -19.9783 
 14.1403      -19.9783 
 14.1403      -20.9783 
 14.1563      -19.9783 
 14.1713      -20.9783 
 14.1713      -20.9783 
 14.1873      -19.9783 
 14.1873      -22.9783 
 14.2022      -19.9783 
 14.2022      -19.9783 
 14.2182      -20.9783 
 14.2182      -19.9783 
 14.2342      -19.9783 
 14.2342      -22.9783 
 14.2493      -19.9783 
 14.2493      -18.9783 
 14.2653      -18.9783 
 14.2653      -20.9783 
 14.2813      -19.9783 
 14.2813      -18.9783 
 14.2963      -20.9783 
 14.2963      -18.9783 
 14.3123      -18.9783 
 14.3123      -18.9783 
 14.3272      -18.9783 
 14.3272      -18.9783 
 14.3432      -17.9783 
 14.3432      -17.9783 
 14.3592      -17.9783 
 14.3592      -18.9783 
 14.3743      -17.9783 
 14.3743      -20.9783 
 14.3903      -16.9783 
 14.3903      -17.9783 
 14.4063      -16.9783 
 14.4063      -16.9783 
 14.4213      -16.9783 
 14.4213      -16.9783 
 14.4373      -18.9783 
 14.4373      -15.9783 
 14.4522      -15.9783 
 14.4522      -15.9783 
 14.4682      -15.9783 
 14.4682      -15.9783 
 14.4842      -15.9783 
 14.4993      -14.9783 
 14.4993      -14.9783 
 14.4993      -14.9783 
 14.5153      -13.9783 
 14.5153      -13.9783 
 14.5313      -13.9783 
 14.5313      -13.9783 
 14.5463      -12.9783 
 14.5623      -12.9783 
 14.5623      -12.9783 
 14.5772      -10.9783 
 14.5772      -12.9783 
 14.5932      -11.9783 
 14.5932      -11.9783 
 14.6092      -10.9783 
 14.6092      -9.9783 
 14.6243      -10.9783 
 14.6243      -10.9783 
 14.6403      -9.9783 
 14.6403      -9.9783 
 14.6563      -10.9783 
 14.6563      -8.9783 
 14.6713      -8.9783 
 14.6713      -8.9783 
 14.6873      -8.9783 
 14.6873      -8.9783 
 14.7022      -7.9783 
 14.7022      -7.9783 
 14.7182      -5.9783 
 14.7182      -6.9783 
 14.7342      -6.9783 
 14.7342      -5.9783 
 14.7493      -5.9783 
 14.7493      -4.9783 
 14.7653      -5.9783 
 14.7653      -3.9783 
 14.7813      -4.9783 
 14.7813      -3.9783 
 14.7963      -3.9783 
 14.7963      -3.9783 
 14.8123      -1.9783 
 14.8272      -2.9783 
 14.8272      -2.9783 
 14.8272      -2.9783 
 14.8432      -1.9783 
 14.8592      -2.9783 
 14.8592      -1.9783 
 14.8743       0.021698 
 14.8743      -0.978302 
 14.8903       0.021698 
 14.8903       0.021698 
 14.9063       0.021698 
 14.9063       1.0217 
 14.9213       1.0217 
 14.9213       1.0217 
 14.9373       1.0217 
 14.9373       2.0217 
 14.9522       3.0217 
 14.9522       3.0217 
 14.9682       3.0217 
 14.9682       3.0217 
 14.9842       4.0217 
 14.9842       4.0217 
 14.9993       4.0217 
 14.9993       5.0217 
 15.0153       4.0217 
