-0.000125      5.0217 
 0.014875      6.0217 
 0.014875      6.0217 
 0.030875      6.0217 
 0.030875      7.0217 
 0.046875      7.0217 
 0.046875      7.0217 
 0.061875      8.0217 
 0.061875      9.0217 
 0.077875      8.0217 
 0.077875      8.0217 
 0.092875      11.0217 
 0.092875      10.0217 
 0.108875      9.0217 
 0.108875      10.0217 
 0.124875      11.0217 
 0.124875      11.0217 
 0.139875      11.0217 
 0.139875      12.0217 
 0.155875      12.0217 
 0.155875      12.0217 
 0.171875      12.0217 
 0.171875      12.0217 
 0.186875      13.0217 
 0.186875      13.0217 
 0.202875      13.0217 
 0.202875      13.0217 
 0.217875      13.0217 
 0.233875      15.0217 
 0.233875      14.0217 
 0.249875      13.0217 
 0.249875      15.0217 
 0.264875      15.0217 
 0.264875      15.0217 
 0.280875      15.0217 
 0.280875      15.0217 
 0.296875      15.0217 
 0.296875      16.0217 
 0.311875      15.0217 
 0.311875      15.0217 
 0.327875      16.0217 
 0.327875      16.0217 
 0.342875      15.0217 
 0.342875      17.0217 
 0.358875      16.0217 
 0.358875      16.0217 
 0.374875      16.0217 
 0.374875      16.0217 
 0.389875      16.0217 
 0.389875      16.0217 
 0.405875      16.0217 
 0.405875      16.0217 
 0.421875      16.0217 
 0.421875      16.0217 
 0.436875      16.0217 
 0.436875      16.0217 
 0.452875      16.0217 
 0.452875      16.0217 
 0.467875      15.0217 
 0.467875      15.0217 
 0.483875      15.0217 
 0.483875      15.0217 
 0.499875      15.0217 
 0.499875      16.0217 
 0.514875      13.0217 
 0.514875      14.0217 
 0.530875      14.0217 
 0.546875      15.0217 
 0.546875      14.0217 
 0.546875      14.0217 
 0.561875      14.0217 
 0.561875      14.0217 
 0.577875      14.0217 
 0.592875      13.0217 
 0.592875      13.0217 
 0.608875      12.0217 
 0.608875      12.0217 
 0.624875      12.0217 
 0.624875      12.0217 
 0.639875      11.0217 
 0.639875      11.0217 
 0.655875      11.0217 
 0.655875      11.0217 
 0.671875      11.0217 
 0.671875      10.0217 
 0.686875      11.0217 
 0.686875      9.0217 
 0.702875      8.0217 
 0.702875      9.0217 
 0.717875      8.0217 
 0.717875      8.0217 
 0.733875      8.0217 
 0.733875      8.0217 
 0.749875      6.0217 
 0.749875      7.0217 
 0.764875      6.0217 
 0.764875      6.0217 
 0.780875      5.0217 
 0.780875      6.0217 
 0.796875      4.0217 
 0.796875      3.0217 
 0.811875      4.0217 
 0.811875      3.0217 
 0.827875      3.0217 
 0.827875      3.0217 
 0.842875      2.0217 
 0.842875      2.0217 
 0.858875      2.0217 
 0.874875      1.0217 
 0.874875      0.021698 
 0.889875     -0.978302 
 0.889875     -0.978302 
 0.889875     -0.978302 
 0.905875     -0.978302 
 0.905875     -0.978302 
 0.921875     -1.9783 
 0.936875     -2.9783 
 0.936875     -2.9783 
 0.952875     -3.9783 
 0.952875     -3.9783 
 0.967875     -3.9783 
 0.967875     -4.9783 
 0.983875     -5.9783 
 0.983875     -5.9783 
 0.999875     -5.9783 
 0.999875     -5.9783 
 1.01488      -7.9783 
 1.01488      -7.9783 
 1.03088      -7.9783 
 1.03088      -8.9783 
 1.04688      -9.9783 
 1.04688      -9.9783 
 1.06187      -9.9783 
 1.06187      -10.9783 
 1.07787      -10.9783 
 1.07787      -11.9783 
 1.09288      -11.9783 
 1.09288      -11.9783 
 1.10888      -11.9783 
 1.10888      -12.9783 
 1.12488      -13.9783 
 1.12488      -12.9783 
 1.13988      -13.9783 
 1.13988      -13.9783 
 1.15588      -14.9783 
 1.15588      -14.9783 
 1.17188      -15.9783 
 1.17188      -16.9783 
 1.18687      -16.9783 
 1.18687      -16.9783 
 1.20287      -16.9783 
 1.20287      -16.9783 
 1.21788      -15.9783 
 1.23388      -16.9783 
 1.23388      -17.9783 
 1.24988      -18.9783 
 1.24988      -18.9783 
 1.24988      -18.9783 
 1.26488      -19.9783 
 1.28088      -19.9783 
 1.28088      -19.9783 
 1.29688      -18.9783 
 1.29688      -19.9783 
 1.31187      -20.9783 
 1.31187      -19.9783 
 1.32787      -20.9783 
 1.32787      -20.9783 
 1.34288      -20.9783 
 1.34288      -20.9783 
 1.35888      -21.9783 
 1.35888      -25.9783 
 1.37488      -22.9783 
 1.37488      -21.9783 
 1.38988      -22.9783 
 1.38988      -21.9783 
 1.40588      -22.9783 
 1.40588      -21.9783 
 1.42188      -22.9783 
 1.42188      -22.9783 
 1.43687      -22.9783 
 1.43687      -22.9783 
 1.45287      -23.9783 
 1.45287      -23.9783 
 1.46788      -23.9783 
 1.46788      -26.9783 
 1.48388      -22.9783 
 1.48388      -23.9783 
 1.49988      -23.9783 
 1.49988      -23.9783 
 1.51488      -22.9783 
 1.51488      -23.9783 
 1.53088      -22.9783 
 1.53088      -23.9783 
 1.54688      -23.9783 
 1.54688      -23.9783 
 1.56187      -23.9783 
 1.57787      -22.9783 
 1.57787      -22.9783 
 1.59288      -23.9783 
 1.59288      -22.9783 
 1.60888      -22.9783 
 1.60888      -22.9783 
 1.62488      -22.9783 
 1.62488      -21.9783 
 1.63988      -21.9783 
 1.63988      -22.9783 
 1.65588      -21.9783 
 1.65588      -21.9783 
 1.67188      -21.9783 
 1.67188      -21.9783 
 1.68687      -20.9783 
 1.68687      -20.9783 
 1.70287      -19.9783 
 1.70287      -19.9783 
 1.71788      -19.9783 
 1.71788      -19.9783 
 1.73388      -19.9783 
 1.73388      -19.9783 
 1.74988      -18.9783 
 1.74988      -18.9783 
 1.76488      -18.9783 
 1.76488      -18.9783 
 1.78088      -17.9783 
 1.78088      -16.9783 
 1.79688      -16.9783 
 1.79688      -16.9783 
 1.81187      -16.9783 
 1.81187      -16.9783 
 1.82787      -15.9783 
 1.82787      -15.9783 
 1.84288      -14.9783 
 1.84288      -14.9783 
 1.85888      -16.9783 
 1.85888      -14.9783 
 1.87488      -13.9783 
 1.87488      -13.9783 
 1.88988      -12.9783 
 1.88988      -12.9783 
 1.90588      -11.9783 
 1.90588      -11.9783 
 1.92188      -13.9783 
 1.93687      -11.9783 
 1.93687      -10.9783 
 1.95287      -10.9783 
 1.95287      -12.9783 
 1.96788      -9.9783 
 1.96788      -8.9783 
 1.98388      -8.9783 
 1.98388      -7.9783 
 1.99988      -7.9783 
 1.99988      -6.9783 
 2.01488      -3.9783 
 2.01488      -6.9783 
 2.03088      -5.9783 
 2.03088      -4.9783 
 2.04688      -3.9783 
 2.04688      -3.9783 
 2.06188      -4.9783 
 2.06188      -3.9783 
 2.07788      -3.9783 
 2.07788      -2.9783 
 2.09287      -2.9783 
 2.09287      -1.9783 
 2.10887      -0.978302 
 2.10887      -0.978302 
 2.12487      -0.978302 
 2.12487      -0.978302 
 2.13988       1.0217 
 2.13988       1.0217 
 2.15588       1.0217 
 2.15588       2.0217 
 2.17188       2.0217 
 2.17188       1.0217 
 2.18688       3.0217 
 2.18688       3.0217 
 2.20288       4.0217 
 2.20288       4.0217 
 2.21787       5.0217 
 2.21787       5.0217 
 2.23387       5.0217 
 2.23387       5.0217 
 2.24987       6.0217 
 2.26488       7.0217 
 2.26488       7.0217 
 2.28088       7.0217 
 2.28088       8.0217 
 2.29688       9.0217 
 2.29688       8.0217 
 2.31188       9.0217 
 2.31188       9.0217 
 2.32788       9.0217 
 2.32788       9.0217 
 2.34287       9.0217 
 2.34287       11.0217 
 2.35887       11.0217 
 2.35887       11.0217 
 2.37487       12.0217 
 2.37487       12.0217 
 2.38988       12.0217 
 2.38988       11.0217 
 2.40588       12.0217 
 2.40588       12.0217 
 2.42188       12.0217 
 2.42188       13.0217 
 2.43688       14.0217 
 2.43688       14.0217 
 2.45288       14.0217 
 2.45288       14.0217 
 2.46787       14.0217 
 2.46787       14.0217 
 2.48387       14.0217 
 2.48387       15.0217 
 2.49987       15.0217 
 2.49987       15.0217 
 2.51488       15.0217 
 2.51488       16.0217 
 2.53088       16.0217 
 2.53088       16.0217 
 2.54688       15.0217 
 2.56188       16.0217 
 2.56188       16.0217 
 2.56188       16.0217 
 2.57788       16.0217 
 2.57788       16.0217 
 2.59287       16.0217 
 2.60887       16.0217 
 2.60887       16.0217 
 2.62487       16.0217 
 2.62487       16.0217 
 2.63988       16.0217 
 2.63988       16.0217 
 2.65588       16.0217 
 2.65588       16.0217 
 2.67188       15.0217 
 2.67188       13.0217 
 2.68688       15.0217 
 2.68688       16.0217 
 2.70288       15.0217 
 2.70288       16.0217 
 2.71787       16.0217 
 2.71787       15.0217 
 2.73387       15.0217 
 2.73387       14.0217 
 2.74987       15.0217 
 2.74987       14.0217 
 2.76488       14.0217 
 2.76488       14.0217 
 2.78088       13.0217 
 2.78088       12.0217 
 2.79688       14.0217 
 2.79688       15.0217 
 2.81188       13.0217 
 2.81188       13.0217 
 2.82788       14.0217 
 2.82788       12.0217 
 2.84287       13.0217 
 2.84287       12.0217 
 2.85887       11.0217 
 2.87487       7.0217 
 2.87487       11.0217 
 2.87487       11.0217 
 2.88988       11.0217 
 2.90588       10.0217 
 2.90588       9.0217 
 2.92188       10.0217 
 2.92188       8.0217 
 2.93688       9.0217 
 2.93688       8.0217 
 2.95288       8.0217 
 2.95288       8.0217 
 2.96787       6.0217 
 2.96787       7.0217 
 2.98387       6.0217 
 2.98387       6.0217 
 2.99987       6.0217 
 2.99987       6.0217 
 3.01488       5.0217 
 3.01488       5.0217 
 3.03088       4.0217 
 3.03088       5.0217 
 3.04688       3.0217 
 3.04688       2.0217 
 3.06188       3.0217 
 3.06188       3.0217 
 3.07788       1.0217 
 3.07788       1.0217 
 3.09287       4.0217 
 3.09287       0.021698 
 3.10887       1.0217 
 3.10887      -5.9783 
 3.12487      -0.978302 
 3.12487       0.021698 
 3.13988      -1.9783 
 3.13988      -1.9783 
 3.15588      -2.9783 
 3.15588      -3.9783 
 3.17188      -3.9783 
 3.17188      -4.9783 
 3.18688      -2.9783 
 3.18688      -4.9783 
 3.20288      -4.9783 
 3.21787      -5.9783 
 3.21787      -5.9783 
 3.23387      -6.9783 
 3.23387      -6.9783 
 3.24987      -7.9783 
 3.24987      -7.9783 
 3.24987      -7.9783 
 3.26488      -8.9783 
 3.28088      -9.9783 
 3.28088      -9.9783 
 3.29688      -9.9783 
 3.29688      -10.9783 
 3.31188      -10.9783 
 3.31188      -10.9783 
 3.32788      -12.9783 
 3.32788      -11.9783 
 3.34287      -11.9783 
 3.34287      -12.9783 
 3.35887      -14.9783 
 3.35887      -13.9783 
 3.37487      -13.9783 
 3.37487      -14.9783 
 3.38988      -14.9783 
 3.38988      -15.9783 
 3.40588      -15.9783 
 3.40588      -15.9783 
 3.42188      -16.9783 
 3.42188      -16.9783 
 3.43688      -16.9783 
 3.43688      -16.9783 
 3.45288      -17.9783 
 3.45288      -17.9783 
 3.46787      -18.9783 
 3.46787      -18.9783 
 3.48387      -23.9783 
 3.48387      -18.9783 
 3.49987      -19.9783 
 3.49987      -19.9783 
 3.51488      -19.9783 
 3.51488      -19.9783 
 3.53088      -20.9783 
 3.53088      -20.9783 
 3.54688      -19.9783 
 3.56188      -20.9783 
 3.56188      -21.9783 
 3.56188      -21.9783 
 3.57788      -21.9783 
 3.59287      -22.9783 
 3.59287      -21.9783 
 3.60887      -21.9783 
 3.60887      -21.9783 
 3.62487      -22.9783 
 3.62487      -22.9783 
 3.63988      -23.9783 
 3.63988      -23.9783 
 3.65588      -22.9783 
 3.65588      -22.9783 
 3.67188      -22.9783 
 3.67188      -23.9783 
 3.68688      -22.9783 
 3.68688      -22.9783 
 3.70288      -24.9783 
 3.70288      -23.9783 
 3.71787      -23.9783 
 3.71787      -22.9783 
 3.73387      -23.9783 
 3.73387      -23.9783 
 3.74987      -22.9783 
 3.74987      -22.9783 
 3.76488      -23.9783 
 3.76488      -23.9783 
 3.78088      -23.9783 
 3.78088      -23.9783 
 3.79688      -23.9783 
 3.79688      -23.9783 
 3.81188      -22.9783 
 3.81188      -22.9783 
 3.82788      -22.9783 
 3.82788      -22.9783 
 3.84287      -21.9783 
 3.84287      -20.9783 
 3.85887      -21.9783 
 3.85887      -21.9783 
 3.87487      -21.9783 
 3.87487      -21.9783 
 3.88988      -21.9783 
 3.90588      -20.9783 
 3.90588      -20.9783 
 3.90588      -20.9783 
 3.92188      -20.9783 
 3.93688      -20.9783 
 3.93688      -19.9783 
 3.95288      -19.9783 
 3.95288      -19.9783 
 3.96787      -19.9783 
 3.96787      -18.9783 
 3.98387      -18.9783 
 3.98387      -18.9783 
 3.99987      -18.9783 
 3.99987      -17.9783 
 4.01488      -15.9783 
 4.01488      -17.9783 
 4.03088      -16.9783 
 4.03088      -16.9783 
 4.04688      -16.9783 
 4.04688      -16.9783 
 4.06187      -15.9783 
 4.06187      -15.9783 
 4.07787      -14.9783 
 4.07787      -14.9783 
 4.09288      -13.9783 
 4.09288      -13.9783 
 4.10888      -12.9783 
 4.10888      -13.9783 
 4.12488      -12.9783 
 4.12488      -13.9783 
 4.13988      -11.9783 
 4.13988      -11.9783 
 4.15588      -10.9783 
 4.15588      -8.9783 
 4.17188      -10.9783 
 4.17188      -9.9783 
 4.18687      -9.9783 
 4.18687      -9.9783 
 4.20287      -8.9783 
 4.21788      -6.9783 
 4.21788      -7.9783 
 4.21788      -7.9783 
 4.23388      -6.9783 
 4.23388      -6.9783 
 4.24988      -5.9783 
 4.26488      -5.9783 
 4.26488      -4.9783 
 4.28088      -4.9783 
 4.28088      -4.9783 
 4.29688      -3.9783 
 4.29688      -3.9783 
 4.31187      -3.9783 
 4.31187      -2.9783 
 4.32787      -2.9783 
 4.32787      -2.9783 
 4.34288      -0.978302 
 4.34288      -0.978302 
 4.35888       0.021698 
 4.35888       0.021698 
 4.37488       1.0217 
 4.37488       1.0217 
 4.38988       1.0217 
 4.38988       2.0217 
 4.40588       1.0217 
 4.40588       2.0217 
 4.42188       3.0217 
 4.42188       3.0217 
 4.43687       3.0217 
 4.43687       4.0217 
 4.45287       5.0217 
 4.45287       5.0217 
 4.46788       6.0217 
 4.46788       6.0217 
 4.48388       6.0217 
 4.48388       6.0217 
 4.49988       6.0217 
 4.49988       7.0217 
 4.51488       7.0217 
 4.51488       8.0217 
 4.53088       9.0217 
 4.54688       10.0217 
 4.54688       9.0217 
 4.56187       10.0217 
 4.56187       10.0217 
 4.57787       9.0217 
 4.57787       10.0217 
 4.59288       11.0217 
 4.59288       11.0217 
 4.60888       11.0217 
 4.60888       11.0217 
 4.62488       12.0217 
 4.62488       13.0217 
 4.63988       13.0217 
 4.63988       13.0217 
 4.65588       13.0217 
 4.65588       13.0217 
 4.67188       14.0217 
 4.67188       15.0217 
 4.68687       14.0217 
 4.68687       14.0217 
 4.70287       14.0217 
 4.70287       14.0217 
 4.71788       14.0217 
 4.71788       15.0217 
 4.73388       15.0217 
 4.73388       15.0217 
 4.74988       15.0217 
 4.74988       15.0217 
 4.76488       16.0217 
 4.76488       15.0217 
 4.78088       15.0217 
 4.78088       15.0217 
 4.79688       16.0217 
 4.79688       16.0217 
 4.81187       15.0217 
 4.81187       16.0217 
 4.82787       16.0217 
 4.82787       16.0217 
 4.84288       16.0217 
 4.84288       15.0217 
 4.85888       16.0217 
 4.87488       17.0217 
 4.87488       16.0217 
 4.87488       16.0217 
 4.88988       15.0217 
 4.88988       15.0217 
 4.90588       16.0217 
 4.90588       16.0217 
 4.92188       15.0217 
 4.93687       15.0217 
 4.93687       15.0217 
 4.95287       15.0217 
 4.95287       15.0217 
 4.96788       15.0217 
 4.96788       16.0217 
 4.98388       14.0217 
 4.98388       15.0217 
 4.99988       14.0217 
 4.99988       15.0217 
 5.01488       14.0217 
 5.01488       14.0217 
 5.03088       15.0217 
 5.03088       13.0217 
 5.04688       13.0217 
 5.04688       12.0217 
 5.06187       12.0217 
 5.06187       13.0217 
 5.07787       12.0217 
 5.07787       12.0217 
 5.09288       14.0217 
 5.09288       11.0217 
 5.10888       11.0217 
 5.10888       10.0217 
 5.12488       10.0217 
 5.12488       9.0217 
 5.13988       10.0217 
 5.13988       10.0217 
 5.15588       9.0217 
 5.15588       9.0217 
 5.17188       7.0217 
 5.17188       8.0217 
 5.18687       7.0217 
 5.18687       7.0217 
 5.20287       7.0217 
 5.20287       7.0217 
 5.21788       6.0217 
 5.21788       6.0217 
 5.23388       6.0217 
 5.24988       5.0217 
 5.24988       7.0217 
 5.26488       4.0217 
 5.26488       3.0217 
 5.28088       3.0217 
 5.28088       3.0217 
 5.29688       3.0217 
 5.29688       2.0217 
 5.31187       2.0217 
 5.31187       1.0217 
 5.32787       1.0217 
 5.32787      -0.978302 
 5.34288       0.021698 
 5.34288       0.021698 
 5.35888      -0.978302 
 5.35888      -0.978302 
 5.37488      -1.9783 
 5.37488      -1.9783 
 5.38988      -2.9783 
 5.38988      -2.9783 
 5.40588      -3.9783 
 5.40588      -3.9783 
 5.42188      -3.9783 
 5.42188      -4.9783 
 5.43687      -5.9783 
 5.43687      -5.9783 
 5.45287      -7.9783 
 5.45287      -6.9783 
 5.46788      -7.9783 
 5.46788      -7.9783 
 5.48388      -8.9783 
 5.48388      -6.9783 
 5.49988      -9.9783 
 5.49988      -9.9783 
 5.51488      -9.9783 
 5.51488      -9.9783 
 5.53088      -10.9783 
 5.53088      -10.9783 
 5.54688      -11.9783 
 5.56187      -12.9783 
 5.56187      -12.9783 
 5.56187      -12.9783 
 5.57787      -12.9783 
 5.59288      -13.9783 
 5.59288      -13.9783 
 5.60888      -14.9783 
 5.60888      -14.9783 
 5.62488      -14.9783 
 5.62488      -14.9783 
 5.63988      -16.9783 
 5.63988      -15.9783 
 5.65588      -20.9783 
 5.65588      -22.9783 
 5.67188      -17.9783 
 5.67188      -17.9783 
 5.68687      -17.9783 
 5.68687      -17.9783 
 5.70287      -18.9783 
 5.70287      -18.9783 
 5.71788      -19.9783 
 5.71788      -21.9783 
 5.73388      -19.9783 
 5.73388      -20.9783 
 5.74988      -19.9783 
 5.74988      -20.9783 
 5.76488      -20.9783 
 5.76488      -20.9783 
 5.78088      -20.9783 
 5.78088      -20.9783 
 5.79688      -21.9783 
 5.79688      -21.9783 
 5.81187      -26.9783 
 5.81187      -21.9783 
 5.82787      -22.9783 
 5.82787      -22.9783 
 5.84288      -22.9783 
 5.84288      -22.9783 
 5.85888      -22.9783 
 5.85888      -22.9783 
 5.87488      -22.9783 
 5.87488      -22.9783 
 5.88988      -23.9783 
 5.88988      -23.9783 
 5.90588      -23.9783 
 5.90588      -23.9783 
 5.92188      -23.9783 
 5.93687      -23.9783 
 5.93687      -22.9783 
 5.95287      -24.9783 
 5.95287      -23.9783 
 5.96788      -23.9783 
 5.96788      -23.9783 
 5.98388      -23.9783 
 5.98388      -23.9783 
 5.99988      -22.9783 
 5.99988      -23.9783 
 6.01488      -22.9783 
 6.01488      -23.9783 
 6.03088      -22.9783 
 6.03088      -23.9783 
 6.04688      -22.9783 
 6.04688      -22.9783 
 6.06187      -22.9783 
 6.06187      -23.9783 
 6.07787      -22.9783 
 6.07787      -22.9783 
 6.09288      -21.9783 
 6.09288      -21.9783 
 6.10888      -21.9783 
 6.10888      -20.9783 
 6.12488      -21.9783 
 6.12488      -21.9783 
 6.13988      -21.9783 
 6.13988      -21.9783 
 6.15588      -20.9783 
 6.15588      -21.9783 
 6.17188      -20.9783 
 6.17188      -19.9783 
 6.18687      -19.9783 
 6.18687      -19.9783 
 6.20287      -18.9783 
 6.20287      -18.9783 
 6.21788      -18.9783 
 6.21788      -18.9783 
 6.23388      -17.9783 
 6.23388      -17.9783 
 6.24988      -18.9783 
 6.26488      -17.9783 
 6.26488      -17.9783 
 6.28088      -15.9783 
 6.28088      -16.9783 
 6.29688      -14.9783 
 6.29688      -15.9783 
 6.31187      -14.9783 
 6.31187      -15.9783 
 6.32787      -14.9783 
 6.32787      -13.9783 
 6.34288      -13.9783 
 6.34288      -13.9783 
 6.35888      -13.9783 
 6.35888      -12.9783 
 6.37488      -9.9783 
 6.37488      -11.9783 
 6.38988      -10.9783 
 6.38988      -10.9783 
 6.40588      -10.9783 
 6.40588      -10.9783 
 6.42188      -9.9783 
 6.42188      -9.9783 
 6.43687      -9.9783 
 6.43687      -8.9783 
 6.45287      -7.9783 
 6.45287      -7.9783 
 6.46788      -7.9783 
 6.46788      -6.9783 
 6.48388      -5.9783 
 6.48388      -6.9783 
 6.49988      -4.9783 
 6.49988      -4.9783 
 6.51488      -4.9783 
 6.51488      -3.9783 
 6.53088      -3.9783 
 6.53088      -3.9783 
 6.54688      -2.9783 
 6.54688      -2.9783 
 6.56187      -1.9783 
 6.57787      -0.978302 
 6.57787      -0.978302 
 6.57787      -0.978302 
 6.59288       0.021698 
 6.60888       0.021698 
 6.60888       0.021698 
 6.62488       1.0217 
 6.62488       1.0217 
 6.63988       2.0217 
 6.63988       2.0217 
 6.65588       3.0217 
 6.65588       3.0217 
 6.67188       4.0217 
 6.67188       4.0217 
 6.68687       5.0217 
 6.68687       4.0217 
 6.70287       5.0217 
 6.70287       6.0217 
 6.71788       6.0217 
 6.71788       7.0217 
 6.73388       7.0217 
 6.73388       8.0217 
 6.74988       8.0217 
 6.74988       6.0217 
 6.76488       9.0217 
 6.76488       9.0217 
 6.78088       8.0217 
 6.78088       9.0217 
 6.79688       10.0217 
 6.79688       10.0217 
 6.81187       11.0217 
 6.81187       11.0217 
 6.82787       11.0217 
 6.82787       11.0217 
 6.84288       11.0217 
 6.84288       11.0217 
 6.85888       12.0217 
 6.87488       13.0217 
 6.87488       13.0217 
 6.87488       13.0217 
 6.88988       14.0217 
 6.88988       14.0217 
 6.90588       14.0217 
 6.90588       14.0217 
 6.92188       14.0217 
 6.93687       14.0217 
 6.93687       15.0217 
 6.95287       15.0217 
 6.95287       15.0217 
 6.96788       15.0217 
 6.96788       15.0217 
 6.98388       15.0217 
 6.98388       15.0217 
 6.99988       16.0217 
 6.99988       11.0217 
 7.01488       15.0217 
 7.01488       15.0217 
 7.03088       16.0217 
 7.03088       16.0217 
 7.04688       17.0217 
 7.04688       16.0217 
 7.06187       16.0217 
 7.06187       16.0217 
 7.07787       17.0217 
 7.07787       16.0217 
 7.09288       16.0217 
 7.09288       17.0217 
 7.10888       16.0217 
 7.10888       16.0217 
 7.12488       16.0217 
 7.12488       16.0217 
 7.13988       16.0217 
 7.13988       16.0217 
 7.15588       16.0217 
 7.15588       16.0217 
 7.17188       15.0217 
 7.17188       16.0217 
 7.18687       15.0217 
 7.20287       16.0217 
 7.20287       15.0217 
 7.21788       17.0217 
 7.21788       15.0217 
 7.21788       15.0217 
 7.23388       15.0217 
 7.24988       14.0217 
 7.24988       14.0217 
 7.24988       14.0217 
 7.26488       13.0217 
 7.28088       14.0217 
 7.28088       13.0217 
 7.29688       13.0217 
 7.29688       13.0217 
 7.31187       13.0217 
 7.31187       12.0217 
 7.32787       12.0217 
 7.32787       11.0217 
 7.34288       8.0217 
 7.34288       11.0217 
 7.35888       11.0217 
 7.35888       10.0217 
 7.37488       10.0217 
 7.37488       10.0217 
 7.38988       9.0217 
 7.38988       9.0217 
 7.40588       9.0217 
 7.40588       8.0217 
 7.42188       8.0217 
 7.42188       8.0217 
 7.43687       7.0217 
 7.43687       6.0217 
 7.45287       7.0217 
 7.45287       9.0217 
 7.46788       6.0217 
 7.46788       5.0217 
 7.48388       5.0217 
 7.48388       4.0217 
 7.49988       4.0217 
 7.49988       5.0217 
 7.51488       4.0217 
 7.51488       3.0217 
 7.53088       2.0217 
 7.53088       2.0217 
 7.54688       2.0217 
 7.56187       1.0217 
 7.56187       1.0217 
 7.56187       1.0217 
 7.57787       1.0217 
 7.59288       0.021698 
 7.59288      -0.978302 
 7.60888      -2.9783 
 7.60888      -1.9783 
 7.62488      -1.9783 
 7.62488      -2.9783 
 7.63988      -2.9783 
 7.63988      -2.9783 
 7.65588      -3.9783 
 7.65588      -3.9783 
 7.67188      -4.9783 
 7.67188      -5.9783 
 7.68687      -5.9783 
 7.68687      -6.9783 
 7.70287      -5.9783 
 7.70287      -6.9783 
 7.71788      -7.9783 
 7.71788      -8.9783 
 7.73388      -6.9783 
 7.73388      -8.9783 
 7.74988      -8.9783 
 7.74988      -9.9783 
 7.76488      -9.9783 
 7.76488      -10.9783 
 7.78088      -10.9783 
 7.78088      -10.9783 
 7.79688      -11.9783 
 7.79688      -11.9783 
 7.81187      -11.9783 
 7.81187      -13.9783 
 7.82787      -13.9783 
 7.82787      -13.9783 
 7.84288      -13.9783 
 7.84288      -14.9783 
 7.85888      -14.9783 
 7.85888      -14.9783 
 7.87488      -15.9783 
 7.87488      -15.9783 
 7.88988      -16.9783 
 7.90588      -17.9783 
 7.90588      -16.9783 
 7.92188      -17.9783 
 7.92188      -16.9783 
 7.93687      -17.9783 
 7.93687      -18.9783 
 7.95287      -18.9783 
 7.95287      -18.9783 
 7.96788      -18.9783 
 7.96788      -17.9783 
 7.98388      -19.9783 
 7.98388      -19.9783 
 7.99988      -19.9783 
 7.99988      -22.9783 
 8.01488      -20.9783 
 8.01488      -21.9783 
 8.03088      -21.9783 
 8.03088      -21.9783 
 8.04688      -20.9783 
 8.04688      -21.9783 
 8.06188      -22.9783 
 8.06188      -21.9783 
 8.07788      -21.9783 
 8.07788      -21.9783 
 8.09287      -22.9783 
 8.09287      -22.9783 
 8.10887      -22.9783 
 8.10887      -22.9783 
 8.12487      -23.9783 
 8.12487      -23.9783 
 8.13988      -23.9783 
 8.13988      -22.9783 
 8.15588      -23.9783 
 8.15588      -23.9783 
 8.17188      -23.9783 
 8.17188      -23.9783 
 8.18688      -23.9783 
 8.18688      -24.9783 
 8.20288      -23.9783 
 8.20288      -23.9783 
 8.21787      -23.9783 
 8.21787      -23.9783 
 8.23387      -23.9783 
 8.23387      -23.9783 
 8.24987      -24.9783 
 8.26488      -22.9783 
 8.26488      -22.9783 
 8.28088      -22.9783 
 8.28088      -22.9783 
 8.29688      -23.9783 
 8.29688      -23.9783 
 8.31188      -22.9783 
 8.31188      -22.9783 
 8.32788      -22.9783 
 8.32788      -22.9783 
 8.34287      -22.9783 
 8.34287      -22.9783 
 8.35887      -21.9783 
 8.35887      -21.9783 
 8.37487      -21.9783 
 8.37487      -20.9783 
 8.38988      -20.9783 
 8.38988      -20.9783 
 8.40588      -21.9783 
 8.40588      -20.9783 
 8.42188      -20.9783 
 8.42188      -20.9783 
 8.43688      -19.9783 
 8.43688      -19.9783 
 8.45288      -17.9783 
 8.45288      -18.9783 
 8.46787      -18.9783 
 8.46787      -18.9783 
 8.48387      -17.9783 
 8.48387      -18.9783 
 8.49987      -18.9783 
 8.49987      -17.9783 
 8.51488      -17.9783 
 8.51488      -15.9783 
 8.53088      -15.9783 
 8.53088      -15.9783 
 8.54688      -15.9783 
 8.54688      -15.9783 
 8.56188      -15.9783 
 8.56188      -15.9783 
 8.57788      -13.9783 
 8.57788      -13.9783 
 8.59287      -12.9783 
 8.60887      -12.9783 
 8.60887      -12.9783 
 8.62487      -12.9783 
 8.62487      -11.9783 
 8.63988      -10.9783 
 8.63988      -11.9783 
 8.65588      -10.9783 
 8.65588      -9.9783 
 8.67188      -9.9783 
 8.67188      -8.9783 
 8.68688      -8.9783 
 8.68688      -8.9783 
 8.70288      -8.9783 
 8.70288      -6.9783 
 8.71787      -6.9783 
 8.71787      -6.9783 
 8.73387      -6.9783 
 8.73387      -5.9783 
 8.74987      -5.9783 
 8.74987      -3.9783 
 8.76488      -4.9783 
 8.76488      -4.9783 
 8.78088      -3.9783 
 8.78088      -2.9783 
 8.79688      -2.9783 
 8.79688      -2.9783 
 8.81188      -2.9783 
 8.81188      -1.9783 
 8.82788      -0.978302 
 8.82788       0.021698 
 8.84287       0.021698 
 8.84287       1.0217 
 8.85887       1.0217 
 8.85887       1.0217 
 8.87487       2.0217 
 8.87487       2.0217 
 8.88988       3.0217 
 8.88988       3.0217 
 8.90588       3.0217 
 8.92188       4.0217 
 8.92188       4.0217 
 8.93688       3.0217 
 8.93688       5.0217 
 8.95288       6.0217 
 8.95288       6.0217 
 8.96787       6.0217 
 8.96787       6.0217 
 8.98387       8.0217 
 8.98387       8.0217 
 8.99987       7.0217 
 8.99987       8.0217 
 9.01488       8.0217 
 9.01488       9.0217 
 9.03088       10.0217 
 9.03088       10.0217 
 9.04688       10.0217 
 9.04688       10.0217 
 9.06188       10.0217 
 9.06188       11.0217 
 9.07788       11.0217 
 9.07788       11.0217 
 9.09287       12.0217 
 9.09287       12.0217 
 9.10887       11.0217 
 9.10887       13.0217 
 9.12487       16.0217 
 9.12487       14.0217 
 9.13988       13.0217 
 9.13988       14.0217 
 9.15588       13.0217 
 9.15588       14.0217 
 9.17188       13.0217 
 9.17188       14.0217 
 9.18688       15.0217 
 9.18688       15.0217 
 9.20288       15.0217 
 9.21787       16.0217 
 9.21787       15.0217 
 9.23387       16.0217 
 9.23387       15.0217 
 9.23387       15.0217 
 9.24987       16.0217 
 9.26488       16.0217 
 9.26488       16.0217 
 9.28088       16.0217 
 9.28088       16.0217 
 9.29688       17.0217 
 9.29688       16.0217 
 9.31188       16.0217 
 9.31188       17.0217 
 9.32788       17.0217 
 9.32788       17.0217 
 9.34287       16.0217 
 9.34287       16.0217 
 9.35887       17.0217 
 9.35887       16.0217 
 9.37487       15.0217 
 9.37487       16.0217 
 9.38988       16.0217 
 9.38988       16.0217 
 9.40588       16.0217 
 9.40588       15.0217 
 9.42188       16.0217 
 9.42188       16.0217 
 9.43688       16.0217 
 9.43688       15.0217 
 9.45288       15.0217 
 9.45288       15.0217 
 9.46787       15.0217 
 9.46787       15.0217 
 9.48387       14.0217 
 9.48387       15.0217 
 9.49987       14.0217 
 9.49987       14.0217 
 9.51488       14.0217 
 9.51488       14.0217 
 9.53088       13.0217 
 9.53088       13.0217 
 9.54688       13.0217 
 9.54688       13.0217 
 9.56188       12.0217 
 9.56188       12.0217 
 9.57788       12.0217 
 9.57788       12.0217 
 9.59287       11.0217 
 9.60887       11.0217 
 9.60887       11.0217 
 9.62487       10.0217 
 9.62487       10.0217 
 9.63988       9.0217 
 9.63988       9.0217 
 9.65588       9.0217 
 9.65588       9.0217 
 9.67188       9.0217 
 9.67188       8.0217 
 9.68688       8.0217 
 9.68688       7.0217 
 9.70288       7.0217 
 9.70288       6.0217 
 9.71787       6.0217 
 9.71787       5.0217 
 9.73387       5.0217 
 9.73387       5.0217 
 9.74987       4.0217 
 9.74987       4.0217 
 9.76488       4.0217 
 9.76488       3.0217 
 9.78088       2.0217 
 9.78088       1.0217 
 9.79688       2.0217 
 9.79688       2.0217 
 9.81188       2.0217 
 9.81188       0.021698 
 9.82788       1.0217 
 9.82788       0.021698 
 9.84287      -0.978302 
 9.84287      -2.9783 
 9.85887      -1.9783 
 9.85887      -1.9783 
 9.87487      -1.9783 
 9.88988      -2.9783 
 9.88988      -2.9783 
 9.90588      -3.9783 
 9.90588      -3.9783 
 9.92188      -4.9783 
 9.92188      -5.9783 
 9.93688      -5.9783 
 9.93688      -6.9783 
 9.95288      -6.9783 
 9.95288      -6.9783 
 9.96787      -6.9783 
 9.96787      -7.9783 
 9.98387      -7.9783 
 9.98387      -8.9783 
 9.99987      -8.9783 
 9.99987      -9.9783 
 10.0149      -10.9783 
 10.0149      -10.9783 
 10.0309      -10.9783 
 10.0309      -10.9783 
 10.0469      -11.9783 
 10.0469      -12.9783 
 10.0619      -15.9783 
 10.0619      -12.9783 
 10.0779      -13.9783 
 10.0779      -13.9783 
 10.0929      -13.9783 
 10.0929      -14.9783 
 10.1089      -13.9783 
 10.1089      -15.9783 
 10.1249      -15.9783 
 10.1249      -16.9783 
 10.1399      -16.9783 
 10.1399      -16.9783 
 10.1559      -16.9783 
 10.1559      -16.9783 
 10.1719      -18.9783 
 10.1719      -20.9783 
 10.1869      -20.9783 
 10.1869      -18.9783 
 10.2029      -18.9783 
 10.2179      -19.9783 
 10.2179      -19.9783 
 10.2179      -19.9783 
 10.2339      -19.9783 
 10.2339      -19.9783 
 10.2499      -20.9783 
 10.2499      -20.9783 
 10.2649      -20.9783 
 10.2809      -21.9783 
 10.2809      -21.9783 
 10.2969      -21.9783 
 10.2969      -22.9783 
 10.3119      -21.9783 
 10.3119      -21.9783 
 10.3279      -22.9783 
 10.3279      -22.9783 
 10.3429      -22.9783 
 10.3429      -23.9783 
 10.3589      -23.9783 
 10.3589      -23.9783 
 10.3749      -22.9783 
 10.3749      -22.9783 
 10.3899      -22.9783 
 10.3899      -22.9783 
 10.4059      -23.9783 
 10.4059      -23.9783 
 10.4219      -23.9783 
 10.4219      -23.9783 
 10.4369      -24.9783 
 10.4369      -23.9783 
 10.4529      -23.9783 
 10.4529      -23.9783 
 10.4679      -23.9783 
 10.4679      -22.9783 
 10.4839      -23.9783 
 10.4839      -23.9783 
 10.4999      -23.9783 
 10.4999      -23.9783 
 10.5149      -22.9783 
 10.5149      -22.9783 
 10.5309      -22.9783 
 10.5309      -22.9783 
 10.5469      -23.9783 
 10.5469      -23.9783 
 10.5619      -22.9783 
 10.5619      -22.9783 
 10.5779      -22.9783 
 10.5929      -21.9783 
 10.5929      -21.9783 
 10.6089      -21.9783 
 10.6089      -21.9783 
 10.6249      -21.9783 
 10.6249      -21.9783 
 10.6399      -21.9783 
 10.6399      -20.9783 
 10.6559      -20.9783 
 10.6559      -20.9783 
 10.6719      -19.9783 
 10.6719      -20.9783 
 10.6869      -19.9783 
 10.6869      -19.9783 
 10.7029      -21.9783 
 10.7029      -18.9783 
 10.7179      -17.9783 
 10.7179      -17.9783 
 10.7339      -18.9783 
 10.7339      -17.9783 
 10.7499      -16.9783 
 10.7499      -16.9783 
 10.7649      -16.9783 
 10.7649      -16.9783 
 10.7809      -15.9783 
 10.7809      -15.9783 
 10.7969      -15.9783 
 10.7969      -14.9783 
 10.8119      -14.9783 
 10.8119      -14.9783 
 10.8279      -13.9783 
 10.8279      -13.9783 
 10.8429      -13.9783 
 10.8429      -13.9783 
 10.8589      -12.9783 
 10.8589      -11.9783 
 10.8749      -11.9783 
 10.8899      -10.9783 
 10.8899      -15.9783 
 10.9059      -10.9783 
 10.9059      -10.9783 
 10.9219      -9.9783 
 10.9219      -9.9783 
 10.9369      -8.9783 
 10.9369      -7.9783 
 10.9529      -7.9783 
 10.9529      -7.9783 
 10.9679      -7.9783 
 10.9679      -6.9783 
 10.9839      -5.9783 
 10.9839      -5.9783 
 10.9999      -5.9783 
 10.9999      -4.9783 
 11.0149      -3.9783 
 11.0149      -3.9783 
 11.0309      -2.9783 
 11.0309      -2.9783 
 11.0469      -2.9783 
 11.0469      -2.9783 
 11.0619      -1.9783 
 11.0619      -1.9783 
 11.0779      -0.978302 
 11.0779       0.021698 
 11.0929       0.021698 
 11.0929       1.0217 
 11.1089       1.0217 
 11.1089       1.0217 
 11.1249       2.0217 
 11.1249       2.0217 
 11.1399       3.0217 
 11.1399       3.0217 
 11.1559       3.0217 
 11.1559       4.0217 
 11.1719       5.0217 
 11.1719       5.0217 
 11.1869       6.0217 
 11.1869       5.0217 
 11.2029       6.0217 
 11.2179       7.0217 
 11.2179       7.0217 
 11.2179       7.0217 
 11.2339       8.0217 
 11.2339       8.0217 
 11.2499       8.0217 
 11.2499       8.0217 
 11.2649       9.0217 
 11.2809       9.0217 
 11.2809       10.0217 
 11.2969       10.0217 
 11.2969       10.0217 
 11.3119       11.0217 
 11.3119       11.0217 
 11.3279       11.0217 
 11.3279       11.0217 
 11.3429       12.0217 
 11.3429       12.0217 
 11.3589       12.0217 
 11.3589       13.0217 
 11.3749       13.0217 
 11.3749       13.0217 
 11.3899       13.0217 
 11.3899       13.0217 
 11.4059       14.0217 
 11.4059       14.0217 
 11.4219       15.0217 
 11.4219       15.0217 
 11.4369       15.0217 
 11.4369       15.0217 
 11.4529       15.0217 
 11.4529       15.0217 
 11.4679       15.0217 
 11.4679       15.0217 
 11.4839       18.0217 
 11.4839       16.0217 
 11.4999       16.0217 
 11.4999       16.0217 
 11.5149       15.0217 
 11.5149       16.0217 
 11.5309       16.0217 
 11.5309       16.0217 
 11.5469       17.0217 
 11.5469       17.0217 
 11.5619       15.0217 
 11.5779       16.0217 
 11.5779       16.0217 
 11.5779       16.0217 
 11.5929       16.0217 
 11.6089       16.0217 
 11.6089       16.0217 
 11.6249       17.0217 
 11.6249       16.0217 
 11.6399       16.0217 
 11.6399       16.0217 
 11.6559       16.0217 
 11.6559       16.0217 
 11.6719       16.0217 
 11.6719       16.0217 
 11.6869       16.0217 
 11.6869       16.0217 
 11.7029       16.0217 
 11.7029       15.0217 
 11.7179       15.0217 
 11.7179       15.0217 
 11.7339       15.0217 
 11.7339       15.0217 
 11.7499       15.0217 
 11.7499       17.0217 
 11.7649       14.0217 
 11.7649       13.0217 
 11.7809       13.0217 
 11.7809       13.0217 
 11.7969       13.0217 
 11.7969       13.0217 
 11.8119       12.0217 
 11.8119       12.0217 
 11.8279       12.0217 
 11.8279       11.0217 
 11.8429       12.0217 
 11.8429       11.0217 
 11.8589       11.0217 
 11.8749       10.0217 
 11.8749       10.0217 
 11.8749       10.0217 
 11.8899       9.0217 
 11.9059       8.0217 
 11.9059       8.0217 
 11.9219       9.0217 
 11.9219       7.0217 
 11.9369       9.0217 
 11.9369       7.0217 
 11.9529       5.0217 
 11.9529       6.0217 
 11.9679       6.0217 
 11.9679       5.0217 
 11.9839       6.0217 
 11.9839       6.0217 
 11.9999       7.0217 
 11.9999       4.0217 
 12.0149       3.0217 
 12.0149       2.0217 
 12.0309       2.0217 
 12.0309       2.0217 
 12.0469       1.0217 
 12.0469       3.0217 
 12.0619       1.0217 
 12.0619       1.0217 
 12.0779       0.021698 
 12.0779       0.021698 
 12.0929      -0.978302 
 12.0929      -0.978302 
 12.1089      -4.9783 
 12.1089      -1.9783 
 12.1249      -3.9783 
 12.1249      -2.9783 
 12.1399      -2.9783 
 12.1399      -2.9783 
 12.1559      -3.9783 
 12.1559      -4.9783 
 12.1719      -4.9783 
 12.1719      -5.9783 
 12.1869      -6.9783 
 12.1869      -10.9783 
 12.2029      -7.9783 
 12.2029      -7.9783 
 12.2179      -7.9783 
 12.2339      -13.9783 
 12.2339      -8.9783 
 12.2499      -9.9783 
 12.2499      -9.9783 
 12.2649      -10.9783 
 12.2649      -10.9783 
 12.2809      -10.9783 
 12.2809      -11.9783 
 12.2969      -11.9783 
 12.2969      -11.9783 
 12.3119      -12.9783 
 12.3119      -12.9783 
 12.3279      -13.9783 
 12.3279      -13.9783 
 12.3429      -14.9783 
 12.3429      -15.9783 
 12.3589      -15.9783 
 12.3589      -13.9783 
 12.3749      -15.9783 
 12.3749      -15.9783 
 12.3899      -15.9783 
 12.3899      -16.9783 
 12.4059      -15.9783 
 12.4059      -17.9783 
 12.4219      -17.9783 
 12.4219      -17.9783 
 12.4369      -18.9783 
 12.4369      -18.9783 
 12.4529      -18.9783 
 12.4529      -18.9783 
 12.4679      -19.9783 
 12.4679      -19.9783 
 12.4839      -20.9783 
 12.4839      -20.9783 
 12.4999      -20.9783 
 12.4999      -20.9783 
 12.5149      -20.9783 
 12.5149      -20.9783 
 12.5309      -21.9783 
 12.5309      -21.9783 
 12.5469      -21.9783 
 12.5469      -21.9783 
 12.5619      -20.9783 
 12.5779      -22.9783 
 12.5779      -22.9783 
 12.5779      -22.9783 
 12.5929      -22.9783 
 12.6089      -22.9783 
 12.6089      -23.9783 
 12.6249      -23.9783 
 12.6249      -23.9783 
 12.6399      -23.9783 
 12.6399      -23.9783 
 12.6559      -23.9783 
 12.6559      -23.9783 
 12.6719      -23.9783 
 12.6719      -23.9783 
 12.6869      -23.9783 
 12.6869      -23.9783 
 12.7029      -23.9783 
 12.7029      -23.9783 
 12.7179      -24.9783 
 12.7179      -23.9783 
 12.7339      -23.9783 
 12.7339      -23.9783 
 12.7499      -23.9783 
 12.7499      -22.9783 
 12.7649      -22.9783 
 12.7649      -23.9783 
 12.7809      -23.9783 
 12.7809      -23.9783 
 12.7969      -23.9783 
 12.7969      -23.9783 
 12.8119      -22.9783 
 12.8119      -22.9783 
 12.8279      -22.9783 
 12.8279      -21.9783 
 12.8429      -21.9783 
 12.8429      -21.9783 
 12.8589      -21.9783 
 12.8589      -21.9783 
 12.8749      -21.9783 
 12.8899      -20.9783 
 12.8899      -20.9783 
 12.8899      -20.9783 
 12.9059      -20.9783 
 12.9059      -20.9783 
 12.9219      -19.9783 
 12.9369      -19.9783 
 12.9369      -19.9783 
 12.9529      -19.9783 
 12.9529      -18.9783 
 12.9679      -18.9783 
 12.9679      -18.9783 
 12.9839      -17.9783 
 12.9839      -17.9783 
 12.9999      -17.9783 
 12.9999      -17.9783 
 13.0149      -16.9783 
 13.0149      -16.9783 
 13.0309      -15.9783 
 13.0309      -14.9783 
 13.0469      -14.9783 
 13.0469      -14.9783 
 13.0619      -14.9783 
 13.0619      -14.9783 
 13.0779      -14.9783 
 13.0779      -13.9783 
 13.0929      -13.9783 
 13.0929      -12.9783 
 13.1089      -11.9783 
 13.1089      -11.9783 
 13.1249      -11.9783 
 13.1249      -11.9783 
 13.1399      -10.9783 
 13.1399      -10.9783 
 13.1559      -9.9783 
 13.1559      -9.9783 
 13.1719      -9.9783 
 13.1719      -8.9783 
 13.1869      -7.9783 
 13.1869      -7.9783 
 13.2029      -7.9783 
 13.2029      -7.9783 
 13.2179      -6.9783 
 13.2179      -6.9783 
 13.2339      -6.9783 
 13.2499      -5.9783 
 13.2499      -5.9783 
 13.2649      -4.9783 
 13.2649      -3.9783 
 13.2809      -3.9783 
 13.2809      -2.9783 
 13.2969      -2.9783 
 13.2969      -1.9783 
 13.3119      -0.978302 
 13.3119      -0.978302 
 13.3279      -0.978302 
 13.3279      -0.978302 
 13.3429      -0.978302 
 13.3429       0.021698 
 13.3589       1.0217 
 13.3589       2.0217 
 13.3749       2.0217 
 13.3749       1.0217 
 13.3899       3.0217 
 13.3899       4.0217 
 13.4059       4.0217 
 13.4059       4.0217 
 13.4219       3.0217 
 13.4219       4.0217 
 13.4369       5.0217 
 13.4369       7.0217 
 13.4529       6.0217 
 13.4529       6.0217 
 13.4679       7.0217 
 13.4679       7.0217 
 13.4839       8.0217 
 13.4839       8.0217 
 13.4999       10.0217 
 13.4999       8.0217 
 13.5149       9.0217 
 13.5149       9.0217 
 13.5309       10.0217 
 13.5309       10.0217 
 13.5469       11.0217 
 13.5469       11.0217 
 13.5619       11.0217 
 13.5779       9.0217 
 13.5779       11.0217 
 13.5929       12.0217 
 13.5929       12.0217 
 13.6089       12.0217 
 13.6089       13.0217 
 13.6249       13.0217 
 13.6249       13.0217 
 13.6399       13.0217 
 13.6399       13.0217 
 13.6559       14.0217 
 13.6559       15.0217 
 13.6719       14.0217 
 13.6719       15.0217 
 13.6869       14.0217 
 13.6869       15.0217 
 13.7029       15.0217 
 13.7029       15.0217 
 13.7179       15.0217 
 13.7179       15.0217 
 13.7339       15.0217 
 13.7339       16.0217 
 13.7499       16.0217 
 13.7499       16.0217 
 13.7649       16.0217 
 13.7649       16.0217 
 13.7809       16.0217 
 13.7809       16.0217 
 13.7969       16.0217 
 13.7969       17.0217 
 13.8119       18.0217 
 13.8119       17.0217 
 13.8279       17.0217 
 13.8279       17.0217 
 13.8429       16.0217 
 13.8429       17.0217 
 13.8589       16.0217 
 13.8589       16.0217 
 13.8749       16.0217 
 13.8749       16.0217 
 13.8899       16.0217 
 13.9059       18.0217 
 13.9059       16.0217 
 13.9059       16.0217 
 13.9219       16.0217 
 13.9369       15.0217 
 13.9369       16.0217 
 13.9529       15.0217 
 13.9529       16.0217 
 13.9679       15.0217 
 13.9679       14.0217 
 13.9839       13.0217 
 13.9839       14.0217 
 13.9999       13.0217 
 13.9999       14.0217 
 14.0149       14.0217 
 14.0149       13.0217 
 14.0309       14.0217 
 14.0309       13.0217 
 14.0469       12.0217 
 14.0469       12.0217 
 14.0619       12.0217 
 14.0619       12.0217 
 14.0779       12.0217 
 14.0779       11.0217 
 14.0929       12.0217 
 14.0929       10.0217 
 14.1089       10.0217 
 14.1089       10.0217 
 14.1249       9.0217 
 14.1249       9.0217 
 14.1399       9.0217 
 14.1399       9.0217 
 14.1559       8.0217 
 14.1559       8.0217 
 14.1719       8.0217 
 14.1719       7.0217 
 14.1869       7.0217 
 14.1869       6.0217 
 14.2029       6.0217 
 14.2029       6.0217 
 14.2179       5.0217 
 14.2179       5.0217 
 14.2339       5.0217 
 14.2499       4.0217 
 14.2499       4.0217 
 14.2649       2.0217 
 14.2649       4.0217 
 14.2809       2.0217 
 14.2809       2.0217 
 14.2969       2.0217 
 14.2969       1.0217 
 14.3119       1.0217 
 14.3119       0.021698 
 14.3279       1.0217 
 14.3279       0.021698 
 14.3429      -0.978302 
 14.3429      -0.978302 
 14.3589      -1.9783 
 14.3589      -1.9783 
 14.3749      -2.9783 
 14.3749      -3.9783 
 14.3899      -3.9783 
 14.3899      -4.9783 
 14.4059      -3.9783 
 14.4059      -5.9783 
 14.4219      -5.9783 
 14.4219      -5.9783 
 14.4369      -6.9783 
 14.4369      -8.9783 
 14.4529      -7.9783 
 14.4529      -7.9783 
 14.4679      -7.9783 
 14.4679      -8.9783 
 14.4839      -9.9783 
 14.4839      -9.9783 
 14.4999      -9.9783 
 14.4999      -9.9783 
 14.5149      -10.9783 
 14.5149      -10.9783 
 14.5309      -11.9783 
 14.5469      -12.9783 
 14.5469      -12.9783 
 14.5619      -13.9783 
 14.5619      -13.9783 
 14.5619      -13.9783 
 14.5779      -12.9783 
 14.5929      -14.9783 
 14.5929      -14.9783 
 14.6089      -14.9783 
 14.6089      -15.9783 
 14.6249      -14.9783 
 14.6249      -16.9783 
 14.6399      -16.9783 
 14.6399      -16.9783 
 14.6559      -17.9783 
 14.6559      -17.9783 
 14.6719      -17.9783 
 14.6719      -17.9783 
 14.6869      -18.9783 
 14.6869      -18.9783 
 14.7029      -18.9783 
 14.7029      -19.9783 
 14.7179      -19.9783 
 14.7179      -19.9783 
 14.7339      -21.9783 
 14.7339      -20.9783 
 14.7499      -19.9783 
 14.7499      -20.9783 
 14.7649      -23.9783 
 14.7649      -21.9783 
 14.7809      -21.9783 
 14.7809      -21.9783 
 14.7969      -19.9783 
 14.7969      -21.9783 
 14.8119      -21.9783 
 14.8119      -22.9783 
 14.8279      -22.9783 
 14.8279      -22.9783 
 14.8429      -22.9783 
 14.8429      -22.9783 
 14.8589      -22.9783 
 14.8589      -22.9783 
 14.8749      -24.9783 
 14.8899      -22.9783 
 14.8899      -22.9783 
 14.9059      -23.9783 
 14.9059      -23.9783 
 14.9059      -23.9783 
 14.9219      -23.9783 
 14.9369      -23.9783 
 14.9369      -23.9783 
 14.9529      -23.9783 
 14.9529      -23.9783 
 14.9679      -23.9783 
 14.9679      -23.9783 
 14.9839      -23.9783 
 14.9839      -23.9783 
 14.9999      -23.9783 
 14.9999      -23.9783 
 15.0149      -23.9783 
