-0.00075      -4.9783 
 0.01525      -4.9783 
 0.01525      -4.9783 
 0.03125      -4.9783 
 0.03125      -4.9783 
 0.04625      -5.9783 
 0.04625      -4.9783 
 0.06225      -5.9783 
 0.06225      -4.9783 
 0.07725      -4.9783 
 0.07725      -5.9783 
 0.09325      -5.9783 
 0.09325      -4.9783 
 0.10925      -6.9783 
 0.10925      -5.9783 
 0.12425      -6.9783 
 0.12425      -4.9783 
 0.14025      -5.9783 
 0.14025      -5.9783 
 0.15625      -6.9783 
 0.15625      -5.9783 
 0.17125      -5.9783 
 0.17125      -5.9783 
 0.18725      -4.9783 
 0.18725      -4.9783 
 0.20225      -4.9783 
 0.20225      -5.9783 
 0.21825      -5.9783 
 0.21825      -5.9783 
 0.23425      -5.9783 
 0.24925      -6.9783 
 0.24925      -5.9783 
 0.26525      -6.9783 
 0.26525      -5.9783 
 0.28125      -6.9783 
 0.28125      -5.9783 
 0.28125      -5.9783 
 0.29625      -5.9783 
 0.31225      -5.9783 
 0.31225      -5.9783 
 0.32725      -7.9783 
 0.32725      -5.9783 
 0.34325      -6.9783 
 0.34325      -6.9783 
 0.35925      -5.9783 
 0.35925      -5.9783 
 0.37425      -5.9783 
 0.37425      -5.9783 
 0.39025      -5.9783 
 0.39025      -5.9783 
 0.40625      -5.9783 
 0.40625      -5.9783 
 0.42125      -6.9783 
 0.42125      -5.9783 
 0.43725      -5.9783 
 0.43725      -5.9783 
 0.45225      -4.9783 
 0.45225      -5.9783 
 0.46825      -5.9783 
 0.46825      -4.9783 
 0.48425      -3.9783 
 0.48425      -5.9783 
 0.49925      -4.9783 
 0.49925      -4.9783 
 0.51525      -4.9783 
 0.51525      -4.9783 
 0.53125      -3.9783 
 0.53125      -4.9783 
 0.54625      -3.9783 
 0.54625      -3.9783 
 0.56225      -5.9783 
 0.57725      -2.9783 
 0.57725      -3.9783 
 0.57725      -3.9783 
 0.59325      -3.9783 
 0.60925      -4.9783 
 0.60925      -2.9783 
 0.62425      -3.9783 
 0.62425      -3.9783 
 0.64025      -2.9783 
 0.64025      -2.9783 
 0.65625      -2.9783 
 0.65625      -2.9783 
 0.67125      -2.9783 
 0.67125      -3.9783 
 0.68725      -3.9783 
 0.68725      -2.9783 
 0.70225      -1.9783 
 0.70225      -2.9783 
 0.71825      -2.9783 
 0.71825      -1.9783 
 0.73425      -1.9783 
 0.73425      -2.9783 
 0.74925      -1.9783 
 0.74925      -1.9783 
 0.76525      -4.9783 
 0.76525      -1.9783 
 0.78125      -1.9783 
 0.78125      -1.9783 
 0.79625      -1.9783 
 0.79625      -1.9783 
 0.81225      -0.978302 
 0.81225      -0.978302 
 0.82725      -1.9783 
 0.82725      -1.9783 
 0.84325      -2.9783 
 0.84325      -1.9783 
 0.85925      -0.978302 
 0.85925      -1.9783 
 0.87425      -1.9783 
 0.87425      -0.978302 
 0.89025      -1.9783 
 0.89025      -1.9783 
 0.90625      -0.978302 
 0.92125      -1.9783 
 0.92125      -0.978302 
 0.93725      -1.9783 
 0.93725      -1.9783 
 0.95225      -0.978302 
 0.95225      -0.978302 
 0.96825      -1.9783 
 0.96825      -1.9783 
 0.98425      -1.9783 
 0.98425      -1.9783 
 0.99925      -0.978302 
 0.99925      -1.9783 
 1.01525      -1.9783 
 1.01525      -1.9783 
 1.03125      -1.9783 
 1.03125      -1.9783 
 1.04625      -1.9783 
 1.04625      -1.9783 
 1.06225      -1.9783 
 1.06225      -1.9783 
 1.07725      -2.9783 
 1.07725      -0.978302 
 1.09325      -1.9783 
 1.09325      -2.9783 
 1.10925      -1.9783 
 1.10925      -2.9783 
 1.12425      -2.9783 
 1.12425      -1.9783 
 1.14025      -2.9783 
 1.14025      -2.9783 
 1.15625      -2.9783 
 1.15625      -2.9783 
 1.17125      -2.9783 
 1.17125      -2.9783 
 1.18725      -2.9783 
 1.18725      -3.9783 
 1.20225      -2.9783 
 1.20225      -3.9783 
 1.21825      -3.9783 
 1.21825      -4.9783 
 1.23425      -3.9783 
 1.24925      -4.9783 
 1.24925      -6.9783 
 1.26525      -2.9783 
 1.26525      -4.9783 
 1.28125      -3.9783 
 1.28125      -3.9783 
 1.29625      -4.9783 
 1.29625      -3.9783 
 1.31225      -3.9783 
 1.31225      -4.9783 
 1.32725      -3.9783 
 1.32725      -4.9783 
 1.34325      -4.9783 
 1.34325      -4.9783 
 1.35925      -4.9783 
 1.35925      -5.9783 
 1.37425      -5.9783 
 1.37425      -4.9783 
 1.39025      -4.9783 
 1.39025      -4.9783 
 1.40625      -4.9783 
 1.40625      -5.9783 
 1.42125      -4.9783 
 1.42125      -4.9783 
 1.43725      -5.9783 
 1.43725      -5.9783 
 1.45225      -5.9783 
 1.45225      -4.9783 
 1.46825      -5.9783 
 1.46825      -5.9783 
 1.48425      -5.9783 
 1.48425      -5.9783 
 1.49925      -5.9783 
 1.49925      -5.9783 
 1.51525      -5.9783 
 1.51525      -5.9783 
 1.53125      -5.9783 
 1.53125      -5.9783 
 1.54625      -4.9783 
 1.54625      -5.9783 
 1.56225      -5.9783 
 1.56225      -5.9783 
 1.57725      -5.9783 
 1.57725      -5.9783 
 1.59325      -5.9783 
 1.60925      -6.9783 
 1.60925      -5.9783 
 1.62425      -4.9783 
 1.62425      -6.9783 
 1.64025      -4.9783 
 1.64025      -4.9783 
 1.65625      -5.9783 
 1.65625      -5.9783 
 1.67125      -5.9783 
 1.67125      -5.9783 
 1.68725      -4.9783 
 1.68725      -4.9783 
 1.70225      -4.9783 
 1.70225      -4.9783 
 1.71825      -4.9783 
 1.71825      -5.9783 
 1.73425      -3.9783 
 1.73425      -4.9783 
 1.74925      -4.9783 
 1.74925      -4.9783 
 1.76525      -0.978302 
 1.76525      -3.9783 
 1.78125      -4.9783 
 1.78125      -3.9783 
 1.79625      -3.9783 
 1.79625      -3.9783 
 1.81225      -3.9783 
 1.81225      -3.9783 
 1.82725      -3.9783 
 1.82725      -3.9783 
 1.84325      -3.9783 
 1.84325      -3.9783 
 1.85925      -3.9783 
 1.85925      -3.9783 
 1.87425      -2.9783 
 1.87425      -2.9783 
 1.89025      -2.9783 
 1.89025      -2.9783 
 1.90625      -3.9783 
 1.92125      -1.9783 
 1.92125      -2.9783 
 1.92125      -2.9783 
 1.93725      -2.9783 
 1.93725      -2.9783 
 1.95225      -1.9783 
 1.96825      -2.9783 
 1.96825      -2.9783 
 1.98425      -1.9783 
 1.98425      -1.9783 
 1.99925      -1.9783 
 1.99925      -1.9783 
 2.01525      -1.9783 
 2.01525      -1.9783 
 2.03125      -2.9783 
 2.03125      -1.9783 
 2.04625       0.021698 
 2.04625      -1.9783 
 2.06225      -0.978302 
 2.06225      -1.9783 
 2.07725      -1.9783 
 2.07725      -0.978302 
 2.09325      -1.9783 
 2.09325      -1.9783 
 2.10925      -0.978302 
 2.10925      -1.9783 
 2.12425      -2.9783 
 2.12425      -0.978302 
 2.14025      -0.978302 
 2.14025      -0.978302 
 2.15625      -0.978302 
 2.15625      -1.9783 
 2.17125      -1.9783 
 2.17125      -0.978302 
 2.18725      -0.978302 
 2.18725      -1.9783 
 2.20225      -0.978302 
 2.20225      -1.9783 
 2.21825      -1.9783 
 2.21825      -0.978302 
 2.23425      -1.9783 
 2.23425      -1.9783 
 2.24925      -1.9783 
 2.24925      -1.9783 
 2.26525      -1.9783 
 2.26525      -1.9783 
 2.28125      -1.9783 
 2.28125      -1.9783 
 2.29625      -1.9783 
 2.31225      -1.9783 
 2.31225      -3.9783 
 2.32725      -1.9783 
 2.32725      -1.9783 
 2.34325      -1.9783 
 2.34325      -1.9783 
 2.35925      -2.9783 
 2.35925      -1.9783 
 2.37425      -2.9783 
 2.37425      -1.9783 
 2.39025      -2.9783 
 2.39025      -2.9783 
 2.40625      -1.9783 
 2.40625      -2.9783 
 2.42125      -2.9783 
 2.42125      -2.9783 
 2.43725      -2.9783 
 2.43725      -3.9783 
 2.45225      -3.9783 
 2.45225      -3.9783 
 2.46825      -3.9783 
 2.46825      -3.9783 
 2.48425      -3.9783 
 2.48425      -3.9783 
 2.49925      -3.9783 
 2.49925      -3.9783 
 2.51525      -3.9783 
 2.51525      -4.9783 
 2.53125      -3.9783 
 2.53125      -3.9783 
 2.54625      -4.9783 
 2.54625      -3.9783 
 2.56225      -4.9783 
 2.56225      -4.9783 
 2.57725      -4.9783 
 2.59325      -5.9783 
 2.59325      -4.9783 
 2.60925      -5.9783 
 2.60925      -5.9783 
 2.62425      -4.9783 
 2.62425      -5.9783 
 2.64025      -5.9783 
 2.64025      -4.9783 
 2.65625      -5.9783 
 2.65625      -5.9783 
 2.67125      -4.9783 
 2.67125      -5.9783 
 2.68725      -5.9783 
 2.68725      -5.9783 
 2.70225      -5.9783 
 2.70225      -4.9783 
 2.71825      -6.9783 
 2.71825      -5.9783 
 2.73425      -2.9783 
 2.73425      -5.9783 
 2.74925      -5.9783 
 2.74925      -5.9783 
 2.76525      -6.9783 
 2.76525      -5.9783 
 2.78125      -6.9783 
 2.78125      -5.9783 
 2.79625      -5.9783 
 2.79625      -5.9783 
 2.81225      -5.9783 
 2.81225      -5.9783 
 2.82725      -5.9783 
 2.82725      -6.9783 
 2.84325      -5.9783 
 2.84325      -5.9783 
 2.85925      -5.9783 
 2.85925      -11.9783 
 2.87425      -4.9783 
 2.87425      -5.9783 
 2.89025      -5.9783 
 2.89025      -5.9783 
 2.90625      -6.9783 
 2.92125      -5.9783 
 2.92125      -5.9783 
 2.92125      -5.9783 
 2.93725      -4.9783 
 2.95225      -5.9783 
 2.95225      -3.9783 
 2.96825      -4.9783 
 2.96825      -4.9783 
 2.98425      -4.9783 
 2.98425      -4.9783 
 2.99925      -4.9783 
 2.99925      -4.9783 
 3.01525      -5.9783 
 3.01525      -4.9783 
 3.03125      -4.9783 
 3.03125      -4.9783 
 3.04625      -4.9783 
 3.04625      -3.9783 
 3.06225      -4.9783 
 3.06225      -4.9783 
 3.07725      -4.9783 
 3.07725      -3.9783 
 3.09325      -3.9783 
 3.09325      -3.9783 
 3.10925      -3.9783 
 3.10925      -3.9783 
 3.12425      -3.9783 
 3.12425      -3.9783 
 3.14025      -2.9783 
 3.14025      -3.9783 
 3.15625      -2.9783 
 3.15625      -2.9783 
 3.17125      -3.9783 
 3.17125      -1.9783 
 3.18725      -2.9783 
 3.18725      -2.9783 
 3.20225      -2.9783 
 3.20225      -2.9783 
 3.21825      -1.9783 
 3.21825      -2.9783 
 3.23425      -1.9783 
 3.23425      -1.9783 
 3.24925      -1.9783 
 3.24925      -1.9783 
 3.26525      -1.9783 
 3.28125      -2.9783 
 3.28125      -1.9783 
 3.28125      -1.9783 
 3.29625      -0.978302 
 3.31225      -0.978302 
 3.31225      -1.9783 
 3.32725      -0.978302 
 3.32725      -2.9783 
 3.34325      -0.978302 
 3.34325      -0.978302 
 3.35925      -1.9783 
 3.35925      -1.9783 
 3.37425      -0.978302 
 3.37425      -0.978302 
 3.39025      -1.9783 
 3.39025      -2.9783 
 3.40625       0.021698 
 3.40625      -0.978302 
 3.42125      -0.978302 
 3.42125      -0.978302 
 3.43725      -1.9783 
 3.43725      -0.978302 
 3.45225       0.021698 
 3.45225      -0.978302 
 3.46825      -0.978302 
 3.46825      -0.978302 
 3.48425      -0.978302 
 3.48425      -0.978302 
 3.49925      -1.9783 
 3.49925      -0.978302 
 3.51525      -1.9783 
 3.51525      -0.978302 
 3.53125       1.0217 
 3.53125      -1.9783 
 3.54625      -1.9783 
 3.54625      -0.978302 
 3.56225      -1.9783 
 3.56225      -1.9783 
 3.57725      -0.978302 
 3.57725      -0.978302 
 3.59325      -1.9783 
 3.59325      -1.9783 
 3.60925      -4.9783 
 3.62425      -1.9783 
 3.62425      -1.9783 
 3.64025      -1.9783 
 3.64025      -1.9783 
 3.65625      -2.9783 
 3.65625      -1.9783 
 3.67125      -2.9783 
 3.67125      -2.9783 
 3.68725      -2.9783 
 3.68725      -2.9783 
 3.70225      -2.9783 
 3.70225      -3.9783 
 3.71825      -2.9783 
 3.71825      -3.9783 
 3.73425      -2.9783 
 3.73425      -3.9783 
 3.74925      -2.9783 
 3.74925      -3.9783 
 3.76525      -2.9783 
 3.76525      -3.9783 
 3.78125      -3.9783 
 3.78125      -3.9783 
 3.79625      -3.9783 
 3.79625      -3.9783 
 3.81225      -4.9783 
 3.81225      -3.9783 
 3.82725      -4.9783 
 3.82725      -3.9783 
 3.84325      -4.9783 
 3.84325      -4.9783 
 3.85925      -4.9783 
 3.85925      -4.9783 
 3.87425      -4.9783 
 3.87425      -4.9783 
 3.89025      -5.9783 
 3.89025      -5.9783 
 3.90625      -4.9783 
 3.92125      -5.9783 
 3.92125      -5.9783 
 3.92125      -5.9783 
 3.93725      -5.9783 
 3.93725      -5.9783 
 3.95225      -4.9783 
 3.96825      -5.9783 
 3.96825      -3.9783 
 3.98425      -5.9783 
 3.98425      -6.9783 
 3.99925      -5.9783 
 3.99925      -5.9783 
 4.01525      -5.9783 
 4.01525      -5.9783 
 4.03125      -5.9783 
 4.03125      -5.9783 
 4.04625      -5.9783 
 4.04625      -5.9783 
 4.06225      -5.9783 
 4.06225      -6.9783 
 4.07725      -5.9783 
 4.07725      -5.9783 
 4.09325      -6.9783 
 4.09325      -5.9783 
 4.10925      -5.9783 
 4.10925      -5.9783 
 4.12425      -5.9783 
 4.12425      -3.9783 
 4.14025      -5.9783 
 4.14025      -5.9783 
 4.15625      -5.9783 
 4.15625      -5.9783 
 4.17125      -5.9783 
 4.17125      -5.9783 
 4.18725      -5.9783 
 4.18725      -5.9783 
 4.20225      -5.9783 
 4.20225      -4.9783 
 4.21825      -4.9783 
 4.21825      -4.9783 
 4.23425      -5.9783 
 4.24925      -4.9783 
 4.24925      -4.9783 
 4.24925      -4.9783 
 4.26525      -4.9783 
 4.26525      -4.9783 
 4.28125      -4.9783 
 4.28125      -4.9783 
 4.29625      -4.9783 
 4.31225      -4.9783 
 4.31225      -4.9783 
 4.32725      -3.9783 
 4.32725      -4.9783 
 4.34325      -4.9783 
 4.34325      -3.9783 
 4.35925      -4.9783 
 4.35925      -3.9783 
 4.37425      -1.9783 
 4.37425      -3.9783 
 4.39025      -3.9783 
 4.39025      -3.9783 
 4.40625      -3.9783 
 4.40625      -2.9783 
 4.42125      -3.9783 
 4.42125      -2.9783 
 4.43725      -2.9783 
 4.43725      -2.9783 
 4.45225      -2.9783 
 4.45225      -2.9783 
 4.46825      -2.9783 
 4.46825      -1.9783 
 4.48425      -2.9783 
 4.48425      -3.9783 
 4.49925      -2.9783 
 4.49925      -1.9783 
 4.51525      -2.9783 
 4.51525      -4.9783 
 4.53125      -2.9783 
 4.53125      -2.9783 
 4.54625      -1.9783 
 4.54625      -1.9783 
 4.56225      -1.9783 
 4.56225      -1.9783 
 4.57725      -1.9783 
 4.59325      -0.978302 
 4.59325      -0.978302 
 4.60925      -1.9783 
 4.60925      -0.978302 
 4.60925      -0.978302 
 4.62425      -0.978302 
 4.64025      -0.978302 
 4.64025      -0.978302 
 4.65625      -1.9783 
 4.65625      -1.9783 
 4.67125      -1.9783 
 4.67125      -1.9783 
 4.68725      -0.978302 
 4.68725      -0.978302 
 4.70225      -0.978302 
 4.70225      -0.978302 
 4.71825      -0.978302 
 4.71825      -1.9783 
 4.73425      -0.978302 
 4.73425      -0.978302 
 4.74925      -1.9783 
 4.74925      -0.978302 
 4.76525      -0.978302 
 4.76525      -0.978302 
 4.78125      -0.978302 
 4.78125      -1.9783 
 4.79625      -0.978302 
 4.79625      -0.978302 
 4.81225      -1.9783 
 4.81225      -0.978302 
 4.82725      -1.9783 
 4.82725      -2.9783 
 4.84325      -1.9783 
 4.84325      -1.9783 
 4.85925      -1.9783 
 4.85925      -1.9783 
 4.87425      -1.9783 
 4.87425      -2.9783 
 4.89025      -1.9783 
 4.89025      -1.9783 
 4.90625      -2.9783 
 4.92125      -1.9783 
 4.92125      -2.9783 
 4.92125      -2.9783 
 4.93725      -2.9783 
 4.93725      -2.9783 
 4.95225      -1.9783 
 4.96825      -2.9783 
 4.96825      -3.9783 
 4.98425      -4.9783 
 4.98425      -3.9783 
 4.99925      -2.9783 
 4.99925      -3.9783 
 5.01525      -3.9783 
 5.01525      -2.9783 
 5.03125      -3.9783 
 5.03125      -3.9783 
 5.04625      -3.9783 
 5.04625      -3.9783 
 5.06225      -9.9783 
 5.06225      -3.9783 
 5.07725      -4.9783 
 5.07725      -3.9783 
 5.09325      -3.9783 
 5.09325      -4.9783 
 5.10925      -4.9783 
 5.10925      -4.9783 
 5.12425      -4.9783 
 5.12425      -4.9783 
 5.14025      -5.9783 
 5.14025      -4.9783 
 5.15625      -4.9783 
 5.15625      -4.9783 
 5.17125      -4.9783 
 5.17125      -5.9783 
 5.18725      -4.9783 
 5.18725      -5.9783 
 5.20225      -4.9783 
 5.20225      -5.9783 
 5.21825      -5.9783 
 5.21825      -4.9783 
 5.23425      -5.9783 
 5.23425      -5.9783 
 5.24925      -5.9783 
 5.24925      -5.9783 
 5.26525      -5.9783 
 5.26525      -5.9783 
 5.28125      -6.9783 
 5.28125      -6.9783 
 5.29625      -5.9783 
 5.31225      -5.9783 
 5.31225      -5.9783 
 5.32725      -5.9783 
 5.32725      -5.9783 
 5.34325      -5.9783 
 5.34325      -5.9783 
 5.35925      -5.9783 
 5.35925      -5.9783 
 5.37425      -6.9783 
 5.37425      -5.9783 
 5.39025      -5.9783 
 5.39025      -5.9783 
 5.40625      -8.9783 
 5.40625      -5.9783 
 5.42125      -5.9783 
 5.42125      -6.9783 
 5.43725      -6.9783 
 5.43725      -5.9783 
 5.45225      -5.9783 
 5.45225      -4.9783 
 5.46825      -4.9783 
 5.46825      -5.9783 
 5.48425      -4.9783 
 5.48425      -5.9783 
 5.49925      -4.9783 
 5.49925      -5.9783 
 5.51525      -4.9783 
 5.51525      -4.9783 
 5.53125      -4.9783 
 5.53125      -4.9783 
 5.54625      -4.9783 
 5.54625      -5.9783 
 5.56225      -4.9783 
 5.56225      -4.9783 
 5.57725      -4.9783 
 5.59325      -3.9783 
 5.59325      -3.9783 
 5.60925      -4.9783 
 5.60925      -4.9783 
 5.62425      -5.9783 
 5.62425      -3.9783 
 5.64025      -3.9783 
 5.64025      -3.9783 
 5.65625      -4.9783 
 5.65625      -2.9783 
 5.67125      -8.9783 
 5.67125      -2.9783 
 5.68725      -3.9783 
 5.68725      -2.9783 
 5.70225      -2.9783 
 5.70225      -2.9783 
 5.71825      -2.9783 
 5.71825      -2.9783 
 5.73425      -2.9783 
 5.73425      -2.9783 
 5.74925      -1.9783 
 5.74925      -2.9783 
 5.76525      -2.9783 
 5.76525      -1.9783 
 5.78125      -1.9783 
 5.78125      -1.9783 
 5.79625      -1.9783 
 5.79625      -1.9783 
 5.81225      -1.9783 
 5.81225      -1.9783 
 5.82725      -1.9783 
 5.82725      -1.9783 
 5.84325      -1.9783 
 5.84325       0.021698 
 5.85925      -1.9783 
 5.85925      -1.9783 
 5.87425      -0.978302 
 5.87425      -0.978302 
 5.89025      -1.9783 
 5.90625      -0.978302 
 5.90625      -0.978302 
 5.92125      -3.9783 
 5.92125      -0.978302 
 5.93725       0.021698 
 5.93725      -0.978302 
 5.93725      -0.978302 
 5.95225      -0.978302 
 5.96825      -1.9783 
 5.96825      -3.9783 
 5.98425      -0.978302 
 5.98425      -1.9783 
 5.99925      -1.9783 
 5.99925      -0.978302 
 6.01525      -0.978302 
 6.01525      -1.9783 
 6.03125      -1.9783 
 6.03125      -0.978302 
 6.04625      -1.9783 
 6.04625      -1.9783 
 6.06225      -1.9783 
 6.06225      -1.9783 
 6.07725      -0.978302 
 6.07725      -0.978302 
 6.09325      -1.9783 
 6.09325      -1.9783 
 6.10925      -1.9783 
 6.10925      -1.9783 
 6.12425      -1.9783 
 6.12425      -2.9783 
 6.14025      -1.9783 
 6.14025      -2.9783 
 6.15625      -1.9783 
 6.15625      -1.9783 
 6.17125      -0.978302 
 6.17125      -2.9783 
 6.18725      -2.9783 
 6.18725      -2.9783 
 6.20225      -2.9783 
 6.20225      -2.9783 
 6.21825      -2.9783 
 6.21825      -2.9783 
 6.23425      -2.9783 
 6.23425      -2.9783 
 6.24925      -2.9783 
 6.26525      -3.9783 
 6.26525      -3.9783 
 6.26525      -3.9783 
 6.28125      -4.9783 
 6.29625      -3.9783 
 6.29625      -3.9783 
 6.31225      -4.9783 
 6.31225      -2.9783 
 6.32725      -4.9783 
 6.32725      -4.9783 
 6.34325      -3.9783 
 6.34325      -4.9783 
 6.35925      -4.9783 
 6.35925      -4.9783 
 6.37425      -4.9783 
 6.37425      -4.9783 
 6.39025      -4.9783 
 6.39025      -4.9783 
 6.40625      -4.9783 
 6.40625      -5.9783 
 6.42125      -4.9783 
 6.42125      -5.9783 
 6.43725      -4.9783 
 6.43725      -5.9783 
 6.45225      -7.9783 
 6.45225      -5.9783 
 6.46825      -5.9783 
 6.46825      -5.9783 
 6.48425      -5.9783 
 6.48425      -4.9783 
 6.49925      -6.9783 
 6.49925      -5.9783 
 6.51525      -6.9783 
 6.51525      -5.9783 
 6.53125      -5.9783 
 6.53125      -5.9783 
 6.54625      -6.9783 
 6.54625      -4.9783 
 6.56225      -5.9783 
 6.56225      -5.9783 
 6.57725      -5.9783 
 6.59325      -6.9783 
 6.59325      -5.9783 
 6.59325      -5.9783 
 6.60925      -6.9783 
 6.62425      -5.9783 
 6.62425      -6.9783 
 6.64025      -5.9783 
 6.64025      -5.9783 
 6.65625      -5.9783 
 6.65625      -6.9783 
 6.67125      -5.9783 
 6.67125      -5.9783 
 6.68725      -5.9783 
 6.68725      -5.9783 
 6.70225      -5.9783 
 6.70225      -5.9783 
 6.71825      -4.9783 
 6.71825      -4.9783 
 6.73425      -5.9783 
 6.73425      -5.9783 
 6.74925      -5.9783 
 6.74925      -5.9783 
 6.76525      -4.9783 
 6.76525      -5.9783 
 6.78125      -4.9783 
 6.78125      -4.9783 
 6.79625      -5.9783 
 6.79625      -4.9783 
 6.81225      -5.9783 
 6.81225      -4.9783 
 6.82725      -4.9783 
 6.82725      -4.9783 
 6.84325      -3.9783 
 6.84325      -3.9783 
 6.85925      -4.9783 
 6.85925      -3.9783 
 6.87425      -4.9783 
 6.87425      -3.9783 
 6.89025      -3.9783 
 6.89025      -3.9783 
 6.90625      -3.9783 
 6.90625      -3.9783 
 6.92125      -3.9783 
 6.92125      -3.9783 
 6.93725      -2.9783 
 6.93725      -2.9783 
 6.95225      -3.9783 
 6.96825      -2.9783 
 6.96825      -3.9783 
 6.98425      -2.9783 
 6.98425      -2.9783 
 6.99925      -3.9783 
 6.99925      -2.9783 
 7.01525      -1.9783 
 7.01525      -2.9783 
 7.03125      -1.9783 
 7.03125      -1.9783 
 7.04625      -2.9783 
 7.04625      -1.9783 
 7.06225      -1.9783 
 7.06225      -2.9783 
 7.07725      -1.9783 
 7.07725      -1.9783 
 7.09325      -1.9783 
 7.09325      -1.9783 
 7.10925      -1.9783 
 7.10925      -1.9783 
 7.12425      -1.9783 
 7.12425      -1.9783 
 7.14025      -1.9783 
 7.14025      -1.9783 
 7.15625      -1.9783 
 7.15625      -0.978302 
 7.17125      -0.978302 
 7.17125      -1.9783 
 7.18725      -0.978302 
 7.18725      -1.9783 
 7.20225      -0.978302 
 7.20225      -0.978302 
 7.21825      -0.978302 
 7.21825      -0.978302 
 7.23425      -0.978302 
 7.24925      -1.9783 
 7.24925      -1.9783 
 7.26525      -0.978302 
 7.26525      -1.9783 
 7.26525      -1.9783 
 7.28125      -0.978302 
 7.28125      -0.978302 
 7.29625      -1.9783 
 7.31225      -0.978302 
 7.31225      -1.9783 
 7.32725      -1.9783 
 7.32725      -1.9783 
 7.34325      -1.9783 
 7.34325      -1.9783 
 7.35925      -1.9783 
 7.35925      -1.9783 
 7.37425      -1.9783 
 7.37425      -0.978302 
 7.39025      -1.9783 
 7.39025      -1.9783 
 7.40625      -1.9783 
 7.40625      -2.9783 
 7.42125      -2.9783 
 7.42125      -1.9783 
 7.43725      -2.9783 
 7.43725      -1.9783 
 7.45225      -2.9783 
 7.45225      -3.9783 
 7.46825      -1.9783 
 7.46825      -2.9783 
 7.48425      -2.9783 
 7.48425      -2.9783 
 7.49925      -3.9783 
 7.49925      -2.9783 
 7.51525      -3.9783 
 7.51525      -3.9783 
 7.53125      -2.9783 
 7.53125      -3.9783 
 7.54625      -2.9783 
 7.54625      -6.9783 
 7.56225      -3.9783 
 7.56225      -3.9783 
 7.57725      -3.9783 
 7.57725      -3.9783 
 7.59325      -3.9783 
 7.60925      -4.9783 
 7.60925      -3.9783 
 7.62425      -4.9783 
 7.62425      -4.9783 
 7.64025      -4.9783 
 7.64025      -4.9783 
 7.65625      -4.9783 
 7.65625      -4.9783 
 7.67125      -4.9783 
 7.67125      -4.9783 
 7.68725      -4.9783 
 7.68725      -5.9783 
 7.70225      -5.9783 
 7.70225      -4.9783 
 7.71825      -5.9783 
 7.71825      -5.9783 
 7.73425      -3.9783 
 7.73425      -6.9783 
 7.74925      -5.9783 
 7.74925      -4.9783 
 7.76525      -4.9783 
 7.76525      -5.9783 
 7.78125      -6.9783 
 7.78125      -5.9783 
 7.79625      -5.9783 
 7.79625      -5.9783 
 7.81225      -5.9783 
 7.81225      -5.9783 
 7.82725      -5.9783 
 7.82725      -6.9783 
 7.84325      -5.9783 
 7.84325      -5.9783 
 7.85925      -5.9783 
 7.85925      -5.9783 
 7.87425      -6.9783 
 7.87425      -5.9783 
 7.89025      -5.9783 
 7.90625      -6.9783 
 7.90625      -5.9783 
 7.92125      -6.9783 
 7.92125      -6.9783 
 7.93725      -5.9783 
 7.93725      -5.9783 
 7.93725      -5.9783 
 7.95225      -5.9783 
 7.96825      -2.9783 
 7.96825      -5.9783 
 7.98425      -5.9783 
 7.98425      -5.9783 
 7.99925      -5.9783 
 7.99925      -5.9783 
 8.01525      -4.9783 
 8.01525      -6.9783 
 8.03125      -4.9783 
 8.03125      -4.9783 
 8.04625      -4.9783 
 8.04625      -4.9783 
 8.06225      -4.9783 
 8.06225      -4.9783 
 8.07725      -4.9783 
 8.07725      -4.9783 
 8.09325      -4.9783 
 8.09325      -4.9783 
 8.10925      -4.9783 
 8.10925      -3.9783 
 8.12425      -4.9783 
 8.12425      -3.9783 
 8.14025      -3.9783 
 8.14025      -3.9783 
 8.15625      -3.9783 
 8.15625      -3.9783 
 8.17125      -3.9783 
 8.17125      -3.9783 
 8.18725      -3.9783 
 8.18725      -2.9783 
 8.20225      -3.9783 
 8.20225      -3.9783 
 8.21825      -2.9783 
 8.21825      -3.9783 
 8.23425      -2.9783 
 8.23425      -2.9783 
 8.24925      -2.9783 
 8.24925      -2.9783 
 8.26525      -1.9783 
 8.26525      -1.9783 
 8.28125      -2.9783 
 8.29625      -5.9783 
 8.29625      -1.9783 
 8.31225      -2.9783 
 8.31225      -1.9783 
 8.32725      -1.9783 
 8.32725      -1.9783 
 8.34325      -1.9783 
 8.34325      -1.9783 
 8.35925      -1.9783 
 8.35925      -1.9783 
 8.37425      -1.9783 
 8.39025      -2.9783 
 8.39025      -1.9783 
 8.39025      -1.9783 
 8.40625      -1.9783 
 8.40625      -1.9783 
 8.42125      -0.978302 
 8.42125      -1.9783 
 8.43725      -0.978302 
 8.43725      -1.9783 
 8.45225      -0.978302 
 8.45225      -0.978302 
 8.46825      -3.9783 
 8.48425      -0.978302 
 8.49925      -1.9783 
 8.51525      -0.978302 
 8.51525      -1.9783 
 8.51525      -0.978302 
 8.51525      -1.9783 
 8.51525      -1.9783 
 8.53125      -0.978302 
 8.54625       1.0217 
 8.56225      -1.9783 
 8.56225      -0.978302 
 8.56225      -0.978302 
 8.57725      -1.9783 
 8.57725      -0.978302 
 8.57725      -0.978302 
 8.59325      -1.9783 
 8.59325      -1.9783 
 8.60925      -2.9783 
 8.62425      -1.9783 
 8.62425      -1.9783 
 8.64025      -1.9783 
 8.64025      -1.9783 
 8.65625      -1.9783 
 8.65625      -2.9783 
 8.67125      -1.9783 
 8.67125      -1.9783 
 8.68725      -2.9783 
 8.68725      -1.9783 
 8.70225      -2.9783 
 8.70225      -2.9783 
 8.71825      -2.9783 
 8.71825      -2.9783 
 8.73425      -2.9783 
 8.73425      -2.9783 
 8.74925      -2.9783 
 8.74925      -2.9783 
 8.76525      -2.9783 
 8.76525      -2.9783 
 8.78125      -0.978302 
 8.78125      -2.9783 
 8.79625      -3.9783 
 8.79625      -3.9783 
 8.81225      -2.9783 
 8.81225      -3.9783 
 8.82725      -3.9783 
 8.82725      -4.9783 
 8.84325      -3.9783 
 8.84325      -3.9783 
 8.85925      -4.9783 
 8.85925      -3.9783 
 8.87425      -3.9783 
 8.87425      -9.9783 
 8.89025      -3.9783 
 8.90625      -4.9783 
 8.90625      -4.9783 
 8.90625      -4.9783 
 8.92125      -4.9783 
 8.92125      -4.9783 
 8.93725      -3.9783 
 8.95225      -4.9783 
 8.95225      -4.9783 
 8.96825      -5.9783 
 8.96825      -4.9783 
 8.98425      -5.9783 
 8.98425      -6.9783 
 8.99925      -5.9783 
 8.99925      -5.9783 
 9.01525      -5.9783 
 9.01525      -5.9783 
 9.03125      -6.9783 
 9.03125      -5.9783 
 9.04625      -5.9783 
 9.04625      -6.9783 
 9.06225      -4.9783 
 9.06225      -5.9783 
 9.07725      -5.9783 
 9.07725      -5.9783 
 9.09325      -6.9783 
 9.09325      -5.9783 
 9.10925      -5.9783 
 9.10925      -5.9783 
 9.12425      -6.9783 
 9.12425      -6.9783 
 9.14025      -5.9783 
 9.14025      -3.9783 
 9.15625      -5.9783 
 9.15625      -11.9783 
 9.17125      -5.9783 
 9.17125      -5.9783 
 9.18725      -5.9783 
 9.18725      -5.9783 
 9.20225      -5.9783 
 9.20225      -5.9783 
 9.21825      -6.9783 
 9.21825      -5.9783 
 9.23425      -5.9783 
 9.23425      -5.9783 
 9.24925      -5.9783 
 9.26525      -6.9783 
 9.26525      -5.9783 
 9.28125      -4.9783 
 9.28125      -5.9783 
 9.29625      -4.9783 
 9.29625      -5.9783 
 9.31225      -5.9783 
 9.31225      -4.9783 
 9.32725      -4.9783 
 9.32725      -5.9783 
 9.34325      -4.9783 
 9.34325      -4.9783 
 9.35925      -4.9783 
 9.35925      -4.9783 
 9.37425      -4.9783 
 9.37425      -3.9783 
 9.39025      -4.9783 
 9.39025      -3.9783 
 9.40625      -3.9783 
 9.40625      -3.9783 
 9.42125      -3.9783 
 9.42125      -3.9783 
 9.43725      -3.9783 
 9.43725      -3.9783 
 9.45225      -3.9783 
 9.45225      -2.9783 
 9.46825      -2.9783 
 9.46825      -3.9783 
 9.48425      -2.9783 
 9.48425      -2.9783 
 9.49925      -3.9783 
 9.49925      -2.9783 
 9.51525      -2.9783 
 9.51525      -2.9783 
 9.53125      -1.9783 
 9.53125      -2.9783 
 9.54625      -1.9783 
 9.54625      -1.9783 
 9.56225      -1.9783 
 9.56225      -1.9783 
 9.57725      -2.9783 
 9.59325      -1.9783 
 9.59325      -1.9783 
 9.59325      -1.9783 
 9.60925      -1.9783 
 9.62425      -2.9783 
 9.62425      -2.9783 
 9.64025      -0.978302 
 9.64025      -1.9783 
 9.65625      -0.978302 
 9.65625      -0.978302 
 9.67125      -1.9783 
 9.67125       0.021698 
 9.68725      -0.978302 
 9.68725      -1.9783 
 9.70225      -0.978302 
 9.70225      -1.9783 
 9.71825      -1.9783 
 9.71825      -1.9783 
 9.73425      -0.978302 
 9.73425      -1.9783 
 9.74925      -1.9783 
 9.74925      -0.978302 
 9.76525      -1.9783 
 9.76525      -1.9783 
 9.78125      -0.978302 
 9.78125      -0.978302 
 9.79625      -1.9783 
 9.79625      -0.978302 
 9.81225      -0.978302 
 9.81225      -2.9783 
 9.82725      -0.978302 
 9.82725      -1.9783 
 9.84325      -0.978302 
 9.84325      -0.978302 
 9.85925      -1.9783 
 9.85925      -1.9783 
 9.87425      -1.9783 
 9.87425      -1.9783 
 9.89025      -1.9783 
 9.89025      -1.9783 
 9.90625      -1.9783 
 9.90625      -1.9783 
 9.92125      -1.9783 
 9.93725      -2.9783 
 9.93725      -1.9783 
 9.95225      -2.9783 
 9.95225      -2.9783 
 9.96825      -1.9783 
 9.96825      -2.9783 
 9.98425      -1.9783 
 9.98425      -2.9783 
 9.99925      -2.9783 
 9.99925      -1.9783 
 10.0153      -2.9783 
 10.0153      -2.9783 
 10.0313      -3.9783 
 10.0313      -3.9783 
 10.0463      -2.9783 
 10.0463      -2.9783 
 10.0623      -2.9783 
 10.0623      -3.9783 
 10.0772      -3.9783 
 10.0772      -3.9783 
 10.0932      -3.9783 
 10.0932      -3.9783 
 10.1092      -4.9783 
 10.1092      -3.9783 
 10.1243      -3.9783 
 10.1243      -3.9783 
 10.1403      -4.9783 
 10.1403      -4.9783 
 10.1563      -4.9783 
 10.1563      -4.9783 
 10.1713      -4.9783 
 10.1713      -4.9783 
 10.1873      -5.9783 
 10.1873      -4.9783 
 10.2022      -5.9783 
 10.2022      -4.9783 
 10.2182      -4.9783 
 10.2342      -5.9783 
 10.2342      -4.9783 
 10.2493      -5.9783 
 10.2493      -4.9783 
 10.2653      -5.9783 
 10.2653      -5.9783 
 10.2653      -5.9783 
 10.2813      -5.9783 
 10.2813      -5.9783 
 10.2963      -5.9783 
 10.3123      -5.9783 
 10.3123      -5.9783 
 10.3272      -5.9783 
 10.3272      -5.9783 
 10.3432      -5.9783 
 10.3432      -5.9783 
 10.3592      -5.9783 
 10.3592      -5.9783 
 10.3743      -5.9783 
 10.3743      -5.9783 
 10.3903      -6.9783 
 10.3903      -5.9783 
 10.4063      -5.9783 
 10.4063      -5.9783 
 10.4213      -4.9783 
 10.4213      -5.9783 
 10.4373      -5.9783 
 10.4373      -5.9783 
 10.4522      -5.9783 
 10.4522      -6.9783 
 10.4682      -6.9783 
 10.4682      -5.9783 
 10.4842      -4.9783 
 10.4842      -7.9783 
 10.4993      -4.9783 
 10.4993      -4.9783 
 10.5153      -5.9783 
 10.5153      -4.9783 
 10.5313      -5.9783 
 10.5313      -5.9783 
 10.5463      -4.9783 
 10.5623      -5.9783 
 10.5623      -5.9783 
 10.5772      -4.9783 
 10.5772      -5.9783 
 10.5932      -4.9783 
 10.5932      -4.9783 
 10.5932      -4.9783 
 10.6092      -4.9783 
 10.6092      -4.9783 
 10.6243      -3.9783 
 10.6403      -3.9783 
 10.6403      -4.9783 
 10.6563      -4.9783 
 10.6563      -3.9783 
 10.6713      -6.9783 
 10.6713      -3.9783 
 10.6873      -3.9783 
 10.6873      -3.9783 
 10.7022      -2.9783 
 10.7022      -3.9783 
 10.7182      -3.9783 
 10.7182      -3.9783 
 10.7342      -3.9783 
 10.7342      -1.9783 
 10.7493      -2.9783 
 10.7493      -2.9783 
 10.7653      -2.9783 
 10.7653      -2.9783 
 10.7813      -2.9783 
 10.7813      -2.9783 
 10.7963      -2.9783 
 10.7963      -2.9783 
 10.8123      -1.9783 
 10.8123      -2.9783 
 10.8272      -1.9783 
 10.8272      -1.9783 
 10.8432      -1.9783 
 10.8432      -1.9783 
 10.8592      -1.9783 
 10.8592      -1.9783 
 10.8743      -1.9783 
 10.8743      -1.9783 
 10.8903      -1.9783 
 10.8903      -1.9783 
 10.9063      -1.9783 
 10.9063      -1.9783 
 10.9213       2.0217 
 10.9373      -1.9783 
 10.9373      -1.9783 
 10.9373      -1.9783 
 10.9522      -1.9783 
 10.9682      -1.9783 
 10.9682      -1.9783 
 10.9842      -0.978302 
 10.9842      -1.9783 
 10.9993      -1.9783 
 10.9993      -0.978302 
 11.0153      -0.978302 
 11.0153      -1.9783 
 11.0313      -4.9783 
 11.0313      -1.9783 
 11.0463      -0.978302 
 11.0463      -0.978302 
 11.0623      -1.9783 
 11.0623      -0.978302 
 11.0772       2.0217 
 11.0772      -6.9783 
 11.0932      -0.978302 
 11.0932      -0.978302 
 11.1092      -1.9783 
 11.1092      -1.9783 
 11.1243      -2.9783 
 11.1243      -1.9783 
 11.1403      -1.9783 
 11.1403      -2.9783 
 11.1563      -0.978302 
 11.1563      -0.978302 
 11.1713      -1.9783 
 11.1713      -1.9783 
 11.1873      -2.9783 
 11.1873      -1.9783 
 11.2022      -1.9783 
 11.2022      -1.9783 
 11.2182      -1.9783 
 11.2182      -1.9783 
 11.2342      -1.9783 
 11.2493      -2.9783 
 11.2493      -2.9783 
 11.2493      -2.9783 
 11.2653      -3.9783 
 11.2813      -2.9783 
 11.2813      -2.9783 
 11.2963      -2.9783 
 11.2963      -3.9783 
 11.3123      -2.9783 
 11.3123      -6.9783 
 11.3272      -3.9783 
 11.3272      -3.9783 
 11.3432      -3.9783 
 11.3432      -3.9783 
 11.3592      -3.9783 
 11.3592      -3.9783 
 11.3743      -3.9783 
 11.3743      -4.9783 
 11.3903      -3.9783 
 11.3903      -4.9783 
 11.4063      -4.9783 
 11.4063      -4.9783 
 11.4213      -4.9783 
 11.4213      -4.9783 
 11.4373      -4.9783 
 11.4373      -4.9783 
 11.4522      -4.9783 
 11.4522      -4.9783 
 11.4682      -4.9783 
 11.4842      -5.9783 
 11.6243      -5.9783 
 11.6243      -4.9783 
 11.6243      -4.9783 
 11.6243      -5.9783 
 11.6403      -4.9783 
 11.6403      -5.9783 
 11.6403      -5.9783 
 11.6403      -5.9783 
 11.6403      -5.9783 
 11.6403      -5.9783 
 11.6403      -5.9783 
 11.6403      -6.9783 
 11.6403      -4.9783 
 11.6403      -5.9783 
 11.6403      -5.9783 
 11.6403      -5.9783 
 11.6403      -6.9783 
 11.6403      -5.9783 
 11.6403      -5.9783 
 11.6403      -6.9783 
 11.6563      -5.9783 
 11.6563      -5.9783 
 11.6563      -5.9783 
 11.6713      -6.9783 
 11.6713      -5.9783 
 11.6873      -5.9783 
 11.6873      -6.9783 
 11.7022      -10.9783 
 11.7022      -5.9783 
 11.7182      -4.9783 
 11.7182      -5.9783 
 11.7342      -5.9783 
 11.7342      -5.9783 
 11.7493      -5.9783 
 11.7493      -5.9783 
 11.7653      -5.9783 
 11.7653      -5.9783 
 11.7813      -4.9783 
 11.7813      -5.9783 
 11.7963      -5.9783 
 11.7963      -6.9783 
 11.8123      -4.9783 
 11.8123      -4.9783 
 11.8272      -5.9783 
 11.8272      -5.9783 
 11.8432      -4.9783 
 11.8432      -4.9783 
 11.8592      -4.9783 
 11.8592      -4.9783 
 11.8743      -4.9783 
 11.8743      -4.9783 
 11.8903      -4.9783 
 11.9063      -3.9783 
 11.9063      -3.9783 
 11.9213      -4.9783 
 11.9213      -4.9783 
 11.9373      -3.9783 
 11.9373      -3.9783 
 11.9373      -3.9783 
 11.9522      -3.9783 
 11.9682      -3.9783 
 11.9682      -3.9783 
 11.9842      -2.9783 
 11.9842      -2.9783 
 11.9993      -3.9783 
 11.9993      -2.9783 
 12.0153      -3.9783 
 12.0153      -3.9783 
 12.0313      -2.9783 
 12.0313      -2.9783 
 12.0463      -2.9783 
 12.0463      -2.9783 
 12.0623      -2.9783 
 12.0623      -2.9783 
 12.0772      -1.9783 
 12.0772      -2.9783 
 12.0932      -1.9783 
 12.0932      -1.9783 
 12.1092      -2.9783 
 12.1092      -2.9783 
 12.1243      -0.978302 
 12.1243      -4.9783 
 12.1403      -1.9783 
 12.1403      -1.9783 
 12.1563      -1.9783 
 12.1563      -1.9783 
 12.1713      -1.9783 
 12.1713      -0.978302 
 12.1873      -1.9783 
 12.1873      -1.9783 
 12.2022      -0.978302 
 12.2022      -1.9783 
 12.2182      -1.9783 
 12.2182      -1.9783 
 12.2342      -1.9783 
 12.2342      -1.9783 
 12.2493      -0.978302 
 12.2653      -1.9783 
 12.2653      -0.978302 
 12.2813      -1.9783 
 12.2813      -1.9783 
 12.2963      -1.9783 
 12.2963      -1.9783 
 12.3123      -0.978302 
 12.3123      -0.978302 
 12.3272      -1.9783 
 12.3272      -1.9783 
 12.3432      -0.978302 
 12.3432      -2.9783 
 12.3592      -0.978302 
 12.3592      -0.978302 
 12.3743      -0.978302 
 12.3743      -1.9783 
 12.3903      -1.9783 
 12.3903      -1.9783 
 12.4063      -1.9783 
 12.4063      -1.9783 
 12.4213      -1.9783 
 12.4213      -1.9783 
 12.4373      -1.9783 
 12.4373      -2.9783 
 12.4522      -1.9783 
 12.4522      -2.9783 
 12.4682      -2.9783 
 12.4682      -1.9783 
 12.4842      -2.9783 
 12.4842      -2.9783 
 12.4993      -2.9783 
 12.4993      -2.9783 
 12.5153      -2.9783 
 12.5153      -2.9783 
 12.5313      -2.9783 
 12.5313      -2.9783 
 12.5463      -3.9783 
 12.5463      -2.9783 
 12.5623      -3.9783 
 12.5623      -3.9783 
 12.5772      -2.9783 
 12.5772      -2.9783 
 12.5932      -3.9783 
 12.5932      -3.9783 
 12.6092      -3.9783 
 12.6243      -4.9783 
 12.6243      -4.9783 
 12.6403      -3.9783 
 12.6403      -4.9783 
 12.6563      -4.9783 
 12.6563      -3.9783 
 12.6713      -4.9783 
 12.6713      -3.9783 
 12.6873      -4.9783 
 12.6873      -4.9783 
 12.7022      -4.9783 
 12.7022      -1.9783 
 12.7182      -4.9783 
 12.7182      -4.9783 
 12.7342      -4.9783 
 12.7342      -4.9783 
 12.7493      -4.9783 
 12.7493      -5.9783 
 12.7653      -4.9783 
 12.7653      -4.9783 
 12.7813      -5.9783 
 12.7813      -4.9783 
 12.7963      -5.9783 
 12.7963      -5.9783 
 12.8123      -5.9783 
 12.8123      -5.9783 
 12.8272      -5.9783 
 12.8272      -5.9783 
 12.8432      -5.9783 
 12.8432      -5.9783 
 12.8592      -5.9783 
 12.8592      -5.9783 
 12.8743      -5.9783 
 12.8743      -5.9783 
 12.8903      -5.9783 
 12.8903      -5.9783 
 12.9063      -5.9783 
 12.9213      -6.9783 
 12.9213      -5.9783 
 12.9213      -5.9783 
 12.9373      -5.9783 
 12.9373      -5.9783 
 12.9522      -5.9783 
 12.9682      -5.9783 
 12.9682      -4.9783 
 12.9842      -5.9783 
 12.9842      -5.9783 
 12.9993      -5.9783 
 12.9993      -5.9783 
 13.0153      -4.9783 
 13.0153      -4.9783 
 13.0313      -5.9783 
 13.0313      -4.9783 
 13.0463      -5.9783 
 13.0463      -5.9783 
 13.0623      -5.9783 
 13.0623      -5.9783 
 13.0772      -5.9783 
 13.0772      -4.9783 
 13.0932      -4.9783 
 13.0932      -4.9783 
 13.1092      -4.9783 
 13.1092      -4.9783 
 13.1243      -4.9783 
 13.1243      -4.9783 
 13.1403      -3.9783 
 13.1403      -6.9783 
 13.1563      -3.9783 
 13.1563      -4.9783 
 13.1713      -3.9783 
 13.1713      -3.9783 
 13.1873      -4.9783 
 13.1873      -3.9783 
 13.2022      -3.9783 
 13.2022      -3.9783 
 13.2182      -3.9783 
 13.2182      -4.9783 
 13.2342      -3.9783 
 13.2342      -3.9783 
 13.2493      -3.9783 
 13.2493      -3.9783 
 13.2653      -2.9783 
 13.2653      -2.9783 
 13.2813      -2.9783 
 13.2963      -2.9783 
 13.2963      -2.9783 
 13.3123      -2.9783 
 13.3123      -2.9783 
 13.3272      -2.9783 
 13.3272      -1.9783 
 13.3432      -1.9783 
 13.3432      -1.9783 
 13.3592      -1.9783 
 13.3592      -2.9783 
 13.3743      -1.9783 
 13.3743      -1.9783 
 13.3903      -2.9783 
 13.3903      -1.9783 
 13.4063      -1.9783 
 13.4063      -1.9783 
 13.4213      -1.9783 
 13.4213      -1.9783 
 13.4373      -1.9783 
 13.4373      -3.9783 
 13.4522      -1.9783 
 13.4522      -1.9783 
 13.4682      -1.9783 
 13.4682      -0.978302 
 13.4842      -1.9783 
 13.4842      -0.978302 
 13.4993      -1.9783 
 13.4993      -1.9783 
 13.5153      -0.978302 
 13.5153      -1.9783 
 13.5313      -0.978302 
 13.5313      -1.9783 
 13.5463      -0.978302 
 13.5463      -0.978302 
 13.5623      -0.978302 
 13.5772      -1.9783 
 13.5772      -0.978302 
 13.5932      -1.9783 
 13.5932      -1.9783 
 13.6092      -0.978302 
 13.6092      -1.9783 
 13.6243      -0.978302 
 13.6243      -1.9783 
 13.6403      -1.9783 
 13.6403      -4.9783 
 13.6563      -1.9783 
 13.6563      -1.9783 
 13.6713      -1.9783 
 13.6713      -1.9783 
 13.6873      -2.9783 
 13.6873      -1.9783 
 13.7022      -2.9783 
 13.7022      -2.9783 
 13.7182      -1.9783 
 13.7182      -1.9783 
 13.7342      -1.9783 
 13.7342      -2.9783 
 13.7493      -2.9783 
 13.7493      -2.9783 
 13.7653      -2.9783 
 13.7653      -2.9783 
 13.7813      -2.9783 
 13.7813      -2.9783 
 13.7963      -2.9783 
 13.7963      -2.9783 
 13.8123      -3.9783 
 13.8123      -3.9783 
 13.8272      -2.9783 
 13.8272      -3.9783 
 13.8432      -3.9783 
 13.8432      -3.9783 
 13.8592      -3.9783 
 13.8592      -4.9783 
 13.8743      -3.9783 
 13.8743      -3.9783 
 13.8903      -3.9783 
 13.9063      -4.9783 
 13.9063      -3.9783 
 13.9213      -4.9783 
 13.9213      -3.9783 
 13.9373      -4.9783 
 13.9373      -4.9783 
 13.9522      -5.9783 
 13.9522      -6.9783 
 13.9682      -4.9783 
 13.9682      -4.9783 
 13.9842      -5.9783 
 13.9842      -4.9783 
 13.9993      -4.9783 
 13.9993      -5.9783 
 14.0153      -5.9783 
 14.0153      -5.9783 
 14.0313      -5.9783 
 14.0313      -4.9783 
 14.0463      -5.9783 
 14.0463      -5.9783 
 14.0623      -5.9783 
 14.0623      -5.9783 
 14.0772      -5.9783 
 14.0772      -4.9783 
 14.0932      -5.9783 
 14.0932      -5.9783 
 14.1092      -5.9783 
 14.1092      -5.9783 
 14.1243      -5.9783 
 14.1243      -5.9783 
 14.1403      -5.9783 
 14.1403      -5.9783 
 14.1563      -5.9783 
 14.1563      -5.9783 
 14.1713      -5.9783 
 14.1713      -5.9783 
 14.1873      -6.9783 
 14.1873      -5.9783 
 14.2022      -6.9783 
 14.2022      -3.9783 
 14.2182      -6.9783 
 14.2182      -5.9783 
 14.2342      -5.9783 
 14.2342      -5.9783 
 14.2493      -10.9783 
 14.2653      -5.9783 
 14.2653      -5.9783 
 14.2653      -5.9783 
 14.2813      -5.9783 
 14.2813      -5.9783 
 14.2963      -5.9783 
 14.3123      -4.9783 
 14.3123      -5.9783 
 14.3272      -5.9783 
 14.3272      -4.9783 
 14.3432      -4.9783 
 14.3432      -4.9783 
 14.3592      -4.9783 
 14.3592      -4.9783 
 14.3743      -4.9783 
 14.3743      -3.9783 
 14.3903      -4.9783 
 14.3903      -4.9783 
 14.4063      -4.9783 
 14.4063      -3.9783 
 14.4213      -3.9783 
 14.4213      -4.9783 
 14.4373      -3.9783 
 14.4373      -3.9783 
 14.4522      -3.9783 
 14.4522      -2.9783 
 14.4682      -2.9783 
 14.4682      -3.9783 
 14.4842      -3.9783 
 14.4842      -3.9783 
 14.4993      -3.9783 
 14.4993      -2.9783 
 14.5153      -2.9783 
 14.5153      -2.9783 
 14.5313      -2.9783 
 14.5313      -2.9783 
 14.5463      -2.9783 
 14.5463      -2.9783 
 14.5623      -2.9783 
 14.5623      -2.9783 
 14.5772      -2.9783 
 14.5932      -3.9783 
 14.5932      -1.9783 
 14.5932      -1.9783 
 14.6092      -2.9783 
 14.6092      -2.9783 
 14.6243      -1.9783 
 14.6403      -1.9783 
 14.6403      -0.978302 
 14.6563      -1.9783 
 14.6563      -1.9783 
 14.6713      -1.9783 
 14.6713      -0.978302 
 14.6873       0.021698 
 14.6873      -1.9783 
 14.7022      -0.978302 
 14.7022      -1.9783 
 14.7182      -6.9783 
 14.7182      -0.978302 
 14.7342      -1.9783 
 14.7342      -1.9783 
 14.7493      -0.978302 
 14.7493      -1.9783 
 14.7653      -0.978302 
 14.7653      -0.978302 
 14.7813      -0.978302 
 14.7813      -0.978302 
 14.7963      -1.9783 
 14.7963      -0.978302 
 14.8123      -0.978302 
 14.8123      -1.9783 
 14.8272      -0.978302 
 14.8272      -0.978302 
 14.8432      -1.9783 
 14.8432      -1.9783 
 14.8592      -1.9783 
 14.8592       2.0217 
 14.8743      -1.9783 
 14.8743      -1.9783 
 14.8903      -1.9783 
 14.8903      -1.9783 
 14.9063      -1.9783 
 14.9063      -1.9783 
 14.9213      -1.9783 
 14.9213      -1.9783 
 14.9373      -1.9783 
 14.9373      -1.9783 
 14.9522      -2.9783 
 14.9682      -1.9783 
 14.9682      -2.9783 
 14.9842      -1.9783 
 14.9842      -2.9783 
 14.9993      -2.9783 
 14.9993      -2.9783 
 15.0153      -2.9783 
