-0.000625     -0.978302 
 0.015375     -1.9783 
 0.015375     -1.9783 
 0.030375     -2.9783 
 0.030375     -1.9783 
 0.046375     -1.9783 
 0.046375     -1.9783 
 0.062375     -2.9783 
 0.062375     -2.9783 
 0.077375     -1.9783 
 0.077375     -2.9783 
 0.093375     -2.9783 
 0.093375     -1.9783 
 0.109375     -1.9783 
 0.109375     -1.9783 
 0.124375     -2.9783 
 0.124375     -2.9783 
 0.140375     -0.978302 
 0.140375      0.021698 
 0.155375     -2.9783 
 0.155375     -1.9783 
 0.171375     -1.9783 
 0.187375     -2.9783 
 0.187375     -2.9783 
 0.187375     -2.9783 
 0.202375     -2.9783 
 0.218375     -3.9783 
 0.218375     -2.9783 
 0.234375     -3.9783 
 0.234375     -2.9783 
 0.249375     -2.9783 
 0.249375     -3.9783 
 0.265375     -2.9783 
 0.265375     -4.9783 
 0.280375     -2.9783 
 0.280375     -1.9783 
 0.296375     -2.9783 
 0.296375     -3.9783 
 0.312375     -3.9783 
 0.312375     -3.9783 
 0.327375     -3.9783 
 0.327375     -3.9783 
 0.343375     -4.9783 
 0.343375     -4.9783 
 0.359375     -4.9783 
 0.359375     -4.9783 
 0.374375     -3.9783 
 0.374375     -4.9783 
 0.390375     -3.9783 
 0.390375     -5.9783 
 0.405375     -4.9783 
 0.405375     -4.9783 
 0.421375     -4.9783 
 0.421375     -4.9783 
 0.437375     -4.9783 
 0.437375     -4.9783 
 0.452375     -5.9783 
 0.452375     -4.9783 
 0.468375     -5.9783 
 0.468375     -4.9783 
 0.484375     -5.9783 
 0.484375     -5.9783 
 0.499375     -4.9783 
 0.499375     -4.9783 
 0.515375     -4.9783 
 0.515375     -4.9783 
 0.530375     -4.9783 
 0.546375     -5.9783 
 0.546375     -4.9783 
 0.562375     -5.9783 
 0.562375     -4.9783 
 0.577375     -4.9783 
 0.577375     -4.9783 
 0.593375     -4.9783 
 0.593375     -6.9783 
 0.609375     -5.9783 
 0.609375     -4.9783 
 0.624375     -4.9783 
 0.624375     -4.9783 
 0.640375     -4.9783 
 0.640375     -5.9783 
 0.655375     -4.9783 
 0.655375     -4.9783 
 0.671375     -4.9783 
 0.671375     -4.9783 
 0.687375     -4.9783 
 0.687375     -4.9783 
 0.702375     -3.9783 
 0.702375     -5.9783 
 0.718375     -3.9783 
 0.718375     -3.9783 
 0.734375     -4.9783 
 0.734375     -3.9783 
 0.749375     -6.9783 
 0.749375     -4.9783 
 0.765375     -4.9783 
 0.765375     -4.9783 
 0.780375     -3.9783 
 0.780375     -3.9783 
 0.796375     -3.9783 
 0.796375     -3.9783 
 0.812375     -2.9783 
 0.812375     -3.9783 
 0.827375     -4.9783 
 0.827375     -3.9783 
 0.843375     -3.9783 
 0.859375     -2.9783 
 0.859375     -3.9783 
 0.874375     -1.9783 
 0.874375     -3.9783 
 0.874375     -3.9783 
 0.890375     -2.9783 
 0.905375     -2.9783 
 0.905375     -1.9783 
 0.921375     -2.9783 
 0.921375     -2.9783 
 0.937375     -2.9783 
 0.937375     -2.9783 
 0.952375     -4.9783 
 0.952375     -3.9783 
 0.968375     -2.9783 
 0.968375     -2.9783 
 0.984375     -1.9783 
 0.984375     -2.9783 
 0.999375     -1.9783 
 0.999375     -1.9783 
 1.01537      -1.9783 
 1.01537      -1.9783 
 1.03038      -1.9783 
 1.03038      -1.9783 
 1.04638      -0.978302 
 1.04638      -1.9783 
 1.06238      -2.9783 
 1.06238      -2.9783 
 1.07738      -1.9783 
 1.07738      -0.978302 
 1.09338      -1.9783 
 1.09338      -2.9783 
 1.10938      -0.978302 
 1.10938      -1.9783 
 1.12437      -1.9783 
 1.12437      -1.9783 
 1.14037      -1.9783 
 1.14037      -2.9783 
 1.15538      -1.9783 
 1.15538      -2.9783 
 1.17138      -1.9783 
 1.18738      -2.9783 
 1.18738      -1.9783 
 1.20238      -2.9783 
 1.20238      -1.9783 
 1.20238      -1.9783 
 1.21838      -1.9783 
 1.23438      -2.9783 
 1.23438      -1.9783 
 1.24937      -2.9783 
 1.24937      -2.9783 
 1.26537      -2.9783 
 1.26537      -2.9783 
 1.28038      -2.9783 
 1.28038      -2.9783 
 1.29638      -1.9783 
 1.29638      -2.9783 
 1.31238      -3.9783 
 1.31238      -2.9783 
 1.32738      -2.9783 
 1.32738      -2.9783 
 1.34338      -3.9783 
 1.34338      -3.9783 
 1.35938      -2.9783 
 1.35938      -3.9783 
 1.37437      -3.9783 
 1.37437      -3.9783 
 1.39037      -3.9783 
 1.39037      -3.9783 
 1.40538      -3.9783 
 1.40538      -4.9783 
 1.42138      -3.9783 
 1.42138      -3.9783 
 1.43738      -3.9783 
 1.43738      -4.9783 
 1.45238      -0.978302 
 1.45238      -3.9783 
 1.46838      -5.9783 
 1.46838      -3.9783 
 1.48438      -4.9783 
 1.48438      -4.9783 
 1.49937      -4.9783 
 1.49937      -4.9783 
 1.51537      -4.9783 
 1.51537      -4.9783 
 1.53038      -4.9783 
 1.53038      -4.9783 
 1.54638      -4.9783 
 1.54638      -4.9783 
 1.56238      -5.9783 
 1.57738      -4.9783 
 1.57738      -5.9783 
 1.59338      -6.9783 
 1.59338      -5.9783 
 1.60938      -5.9783 
 1.60938      -4.9783 
 1.62437      -6.9783 
 1.62437      -4.9783 
 1.64037      -4.9783 
 1.64037      -2.9783 
 1.65538      -4.9783 
 1.65538      -4.9783 
 1.67138      -4.9783 
 1.67138      -5.9783 
 1.68738      -4.9783 
 1.68738      -4.9783 
 1.70238      -5.9783 
 1.70238      -5.9783 
 1.71838      -5.9783 
 1.71838      -4.9783 
 1.73438      -4.9783 
 1.73438      -5.9783 
 1.74937      -4.9783 
 1.74937      -4.9783 
 1.76537      -4.9783 
 1.76537      -4.9783 
 1.78038      -3.9783 
 1.78038      -3.9783 
 1.79638      -4.9783 
 1.79638      -3.9783 
 1.81238      -4.9783 
 1.81238      -3.9783 
 1.82738      -4.9783 
 1.84338      -2.9783 
 1.84338      -3.9783 
 1.85938      -4.9783 
 1.85938      -3.9783 
 1.85938      -3.9783 
 1.87437      -3.9783 
 1.87437      -3.9783 
 1.89037      -4.9783 
 1.90538      -3.9783 
 1.90538      -3.9783 
 1.92138      -3.9783 
 1.92138      -3.9783 
 1.93738      -2.9783 
 1.93738      -3.9783 
 1.95238      -0.978302 
 1.95238      -3.9783 
 1.96838      -3.9783 
 1.96838      -1.9783 
 1.98438      -2.9783 
 1.98438      -2.9783 
 1.99937      -3.9783 
 1.99937      -2.9783 
 2.01538      -2.9783 
 2.01538      -2.9783 
 2.03037      -0.978302 
 2.03037      -2.9783 
 2.04637      -2.9783 
 2.04637      -2.9783 
 2.06237      -2.9783 
 2.06237      -1.9783 
 2.07738      -1.9783 
 2.07738      -1.9783 
 2.09338      -1.9783 
 2.09338      -2.9783 
 2.10938      -1.9783 
 2.10938      -2.9783 
 2.12438      -1.9783 
 2.12438      -1.9783 
 2.14038      -2.9783 
 2.14038       0.021698 
 2.15537      -1.9783 
 2.15537      -2.9783 
 2.17137      -1.9783 
 2.18737      -2.9783 
 2.18737      -2.9783 
 2.20238      -1.9783 
 2.20238      -1.9783 
 2.21838      -0.978302 
 2.21838      -1.9783 
 2.23438      -3.9783 
 2.23438      -2.9783 
 2.24938      -1.9783 
 2.24938      -1.9783 
 2.26538      -0.978302 
 2.26538      -2.9783 
 2.28037      -1.9783 
 2.28037      -1.9783 
 2.29637      -1.9783 
 2.29637      -1.9783 
 2.31237      -2.9783 
 2.31237      -2.9783 
 2.32738      -2.9783 
 2.32738      -2.9783 
 2.34338      -2.9783 
 2.34338      -3.9783 
 2.35938      -2.9783 
 2.35938      -2.9783 
 2.37438      -2.9783 
 2.37438      -2.9783 
 2.39038      -0.978302 
 2.39038      -3.9783 
 2.40537      -2.9783 
 2.40537      -2.9783 
 2.42137      -2.9783 
 2.42137      -3.9783 
 2.43737      -2.9783 
 2.43737      -3.9783 
 2.45238      -3.9783 
 2.45238      -3.9783 
 2.46838      -3.9783 
 2.46838      -3.9783 
 2.48438      -4.9783 
 2.48438      -3.9783 
 2.49938      -3.9783 
 2.51538      -2.9783 
 2.51538      -4.9783 
 2.51538      -4.9783 
 2.53037      -3.9783 
 2.54637      -4.9783 
 2.54637      -4.9783 
 2.56237      -3.9783 
 2.56237      -4.9783 
 2.57738      -4.9783 
 2.57738      -4.9783 
 2.59338      -3.9783 
 2.59338      -5.9783 
 2.60938      -4.9783 
 2.60938      -4.9783 
 2.62438      -4.9783 
 2.62438      -4.9783 
 2.64038      -5.9783 
 2.64038      -4.9783 
 2.65537      -5.9783 
 2.65537      -4.9783 
 2.67137      -5.9783 
 2.67137      -4.9783 
 2.68737      -5.9783 
 2.68737      -5.9783 
 2.70238      -5.9783 
 2.70238      -4.9783 
 2.71838      -4.9783 
 2.71838      -4.9783 
 2.73438      -4.9783 
 2.73438      -5.9783 
 2.74938      -4.9783 
 2.74938      -5.9783 
 2.76538      -4.9783 
 2.76538      -3.9783 
 2.78037      -4.9783 
 2.78037      -5.9783 
 2.79637      -4.9783 
 2.79637      -4.9783 
 2.81237      -4.9783 
 2.81237      -4.9783 
 2.82738      -5.9783 
 2.82738      -4.9783 
 2.84338      -4.9783 
 2.84338      -4.9783 
 2.85938      -7.9783 
 2.87438      -5.9783 
 2.87438      -4.9783 
 2.87438      -4.9783 
 2.89038      -3.9783 
 2.90537      -4.9783 
 2.90537      -3.9783 
 2.92137      -3.9783 
 2.92137      -4.9783 
 2.93737      -4.9783 
 2.93737      -3.9783 
 2.95238      -3.9783 
 2.95238      -3.9783 
 2.96838      -3.9783 
 2.96838      -2.9783 
 2.98438      -3.9783 
 2.98438      -4.9783 
 2.99938      -3.9783 
 2.99938      -3.9783 
 3.01538      -3.9783 
 3.01538      -3.9783 
 3.03037      -3.9783 
 3.03037      -3.9783 
 3.04637      -3.9783 
 3.04637      -3.9783 
 3.06237      -2.9783 
 3.06237      -3.9783 
 3.07738      -2.9783 
 3.07738      -2.9783 
 3.09338      -2.9783 
 3.09338      -2.9783 
 3.10938      -1.9783 
 3.10938      -2.9783 
 3.12438      -2.9783 
 3.12438      -1.9783 
 3.14038      -2.9783 
 3.14038      -2.9783 
 3.15537      -2.9783 
 3.15537      -1.9783 
 3.17137      -2.9783 
 3.18737      -1.9783 
 3.18737      -2.9783 
 3.20238      -1.9783 
 3.20238      -1.9783 
 3.21838      -2.9783 
 3.21838      -1.9783 
 3.23438      -2.9783 
 3.23438      -1.9783 
 3.24938      -2.9783 
 3.24938      -1.9783 
 3.26538      -1.9783 
 3.26538      -2.9783 
 3.28037      -2.9783 
 3.28037      -0.978302 
 3.29637      -1.9783 
 3.29637      -1.9783 
 3.31237      -2.9783 
 3.31237      -1.9783 
 3.32738      -1.9783 
 3.32738      -1.9783 
 3.34338      -1.9783 
 3.34338      -1.9783 
 3.35938      -2.9783 
 3.35938      -1.9783 
 3.37438      -2.9783 
 3.37438      -2.9783 
 3.39038      -2.9783 
 3.39038      -2.9783 
 3.40537      -2.9783 
 3.40537      -1.9783 
 3.42137      -2.9783 
 3.42137      -1.9783 
 3.43737      -2.9783 
 3.43737      -2.9783 
 3.45238      -2.9783 
 3.45238      -3.9783 
 3.46838      -2.9783 
 3.46838      -2.9783 
 3.48438      -2.9783 
 3.48438      -3.9783 
 3.49938      -1.9783 
 3.51538      -2.9783 
 3.51538      -3.9783 
 3.53037      -2.9783 
 3.53037      -3.9783 
 3.53037      -3.9783 
 3.54637      -4.9783 
 3.56237      -3.9783 
 3.56237      -3.9783 
 3.57738      -3.9783 
 3.57738      -3.9783 
 3.59338      -3.9783 
 3.59338      -3.9783 
 3.60938      -2.9783 
 3.60938      -4.9783 
 3.62438      -3.9783 
 3.62438      -5.9783 
 3.64038      -3.9783 
 3.64038      -4.9783 
 3.65537      -4.9783 
 3.65537      -3.9783 
 3.67137      -4.9783 
 3.67137      -3.9783 
 3.68737      -4.9783 
 3.68737      -4.9783 
 3.70238      -4.9783 
 3.70238      -4.9783 
 3.71838      -5.9783 
 3.71838      -4.9783 
 3.73438      -4.9783 
 3.73438      -5.9783 
 3.74938      -5.9783 
 3.74938      -4.9783 
 3.76538      -5.9783 
 3.76538      -4.9783 
 3.78037      -5.9783 
 3.78037      -5.9783 
 3.79637      -5.9783 
 3.79637      -4.9783 
 3.81237      -5.9783 
 3.81237      -5.9783 
 3.82738      -5.9783 
 3.82738      -4.9783 
 3.84338      -4.9783 
 3.85938      -5.9783 
 3.85938      -4.9783 
 3.85938      -4.9783 
 3.87438      -4.9783 
 3.87438      -4.9783 
 3.89038      -4.9783 
 3.90537      -4.9783 
 3.90537      -4.9783 
 3.92137      -4.9783 
 3.92137      -4.9783 
 3.93737      -4.9783 
 3.93737      -4.9783 
 3.95238      -4.9783 
 3.95238      -4.9783 
 3.96838      -4.9783 
 3.96838      -3.9783 
 3.98438      -4.9783 
 3.98438      -4.9783 
 3.99938      -3.9783 
 3.99938      -3.9783 
 4.01537      -3.9783 
 4.01537      -3.9783 
 4.03038      -3.9783 
 4.03038      -3.9783 
 4.04638      -3.9783 
 4.04638      -3.9783 
 4.06238      -3.9783 
 4.06238      -1.9783 
 4.07738      -3.9783 
 4.07738      -3.9783 
 4.09338      -3.9783 
 4.09338      -3.9783 
 4.10938      -2.9783 
 4.10938      -3.9783 
 4.12437      -2.9783 
 4.12437      -3.9783 
 4.14037      -2.9783 
 4.14037      -3.9783 
 4.15538      -2.9783 
 4.15538      -2.9783 
 4.17138      -2.9783 
 4.17138      -2.9783 
 4.18738      -2.9783 
 4.18738      -2.9783 
 4.20238      -2.9783 
 4.20238      -2.9783 
 4.21838      -2.9783 
 4.23438      -3.9783 
 4.23438      -2.9783 
 4.24937      -3.9783 
 4.24937      -2.9783 
 4.26537      -1.9783 
 4.26537      -1.9783 
 4.28038      -2.9783 
 4.28038      -1.9783 
 4.29638      -1.9783 
 4.29638      -1.9783 
 4.31238      -1.9783 
 4.31238      -2.9783 
 4.32738      -1.9783 
 4.32738      -2.9783 
 4.34338      -1.9783 
 4.34338      -3.9783 
 4.35938      -1.9783 
 4.35938      -2.9783 
 4.37437      -2.9783 
 4.37437      -1.9783 
 4.39037      -3.9783 
 4.39037      -1.9783 
 4.40538      -2.9783 
 4.40538      -1.9783 
 4.42138      -2.9783 
 4.42138      -2.9783 
 4.43738      -1.9783 
 4.43738      -2.9783 
 4.45238      -1.9783 
 4.45238      -2.9783 
 4.46838      -1.9783 
 4.46838      -2.9783 
 4.48438      -2.9783 
 4.48438      -3.9783 
 4.49937      -2.9783 
 4.49937      -2.9783 
 4.51537      -2.9783 
 4.51537      -2.9783 
 4.53038      -2.9783 
 4.53038      -2.9783 
 4.54638      -2.9783 
 4.54638      -2.9783 
 4.56238      -2.9783 
 4.57738      -2.9783 
 4.57738      -3.9783 
 4.59338      -3.9783 
 4.59338      -2.9783 
 4.60938      -3.9783 
 4.60938      -2.9783 
 4.62437      -3.9783 
 4.62437      -3.9783 
 4.64037      -3.9783 
 4.64037      -3.9783 
 4.65538      -3.9783 
 4.65538      -3.9783 
 4.67138      -5.9783 
 4.67138      -3.9783 
 4.68738      -3.9783 
 4.68738      -4.9783 
 4.70238      -3.9783 
 4.70238      -4.9783 
 4.71838      -4.9783 
 4.71838      -4.9783 
 4.73438      -4.9783 
 4.73438      -4.9783 
 4.74937      -5.9783 
 4.74937      -4.9783 
 4.76537      -4.9783 
 4.76537      -4.9783 
 4.78038      -4.9783 
 4.78038      -4.9783 
 4.79638      -5.9783 
 4.79638      -4.9783 
 4.81238      -5.9783 
 4.81238      -4.9783 
 4.82738      -5.9783 
 4.82738      -5.9783 
 4.84338      -4.9783 
 4.85938      -5.9783 
 4.85938      -4.9783 
 4.87437      -5.9783 
 4.87437      -6.9783 
 4.89037      -4.9783 
 4.89037      -4.9783 
 4.89037      -4.9783 
 4.90538      -5.9783 
 4.92138      -4.9783 
 4.92138      -5.9783 
 4.93738      -4.9783 
 4.93738      -5.9783 
 4.95238      -4.9783 
 4.95238      -4.9783 
 4.96838      -4.9783 
 4.96838      -3.9783 
 4.98438      -4.9783 
 4.98438      -3.9783 
 4.99937      -4.9783 
 4.99937      -4.9783 
 5.01537      -4.9783 
 5.01537      -3.9783 
 5.03038      -4.9783 
 5.03038      -5.9783 
 5.04638      -3.9783 
 5.04638      -4.9783 
 5.06238      -4.9783 
 5.06238      -3.9783 
 5.07738      -3.9783 
 5.07738      -3.9783 
 5.09338      -4.9783 
 5.09338      -3.9783 
 5.10938      -4.9783 
 5.10938      -3.9783 
 5.12437      -3.9783 
 5.12437      -3.9783 
 5.14037      -3.9783 
 5.14037      -3.9783 
 5.15538      -3.9783 
 5.15538      -3.9783 
 5.17138      -3.9783 
 5.17138      -3.9783 
 5.18738      -3.9783 
 5.18738      -3.9783 
 5.20238      -3.9783 
 5.21838      -2.9783 
 5.21838      -2.9783 
 5.23438      -3.9783 
 5.23438      -2.9783 
 5.24937      -2.9783 
 5.24937      -2.9783 
 5.26537      -2.9783 
 5.26537      -2.9783 
 5.28038      -2.9783 
 5.28038      -2.9783 
 5.29638      -2.9783 
 5.29638      -2.9783 
 5.31238      -2.9783 
 5.31238      -2.9783 
 5.32738      -1.9783 
 5.32738      -2.9783 
 5.34338      -1.9783 
 5.34338      -2.9783 
 5.35938      -1.9783 
 5.35938      -1.9783 
 5.37437      -2.9783 
 5.37437      -1.9783 
 5.39037      -2.9783 
 5.39037      -1.9783 
 5.40538      -1.9783 
 5.40538      -2.9783 
 5.42138      -1.9783 
 5.42138      -2.9783 
 5.43738      -1.9783 
 5.43738      -2.9783 
 5.45238      -1.9783 
 5.45238      -2.9783 
 5.46838      -1.9783 
 5.46838      -0.978302 
 5.48438      -1.9783 
 5.48438      -1.9783 
 5.49937      -1.9783 
 5.49937      -1.9783 
 5.51537      -1.9783 
 5.51537      -1.9783 
 5.53038      -1.9783 
 5.54638      -2.9783 
 5.54638      -1.9783 
 5.56238      -2.9783 
 5.56238      -2.9783 
 5.57738      -2.9783 
 5.57738      -2.9783 
 5.59338      -2.9783 
 5.59338      -2.9783 
 5.60938      -2.9783 
 5.60938      -2.9783 
 5.62437      -2.9783 
 5.62437      -2.9783 
 5.64037      -2.9783 
 5.64037      -2.9783 
 5.65538      -3.9783 
 5.65538      -2.9783 
 5.67138      -3.9783 
 5.67138      -2.9783 
 5.68738      -2.9783 
 5.68738      -3.9783 
 5.70238      -3.9783 
 5.70238      -3.9783 
 5.71838      -3.9783 
 5.71838      -3.9783 
 5.73438      -3.9783 
 5.73438      -3.9783 
 5.74937      -4.9783 
 5.74937      -3.9783 
 5.76537      -3.9783 
 5.76537      -3.9783 
 5.78038      -4.9783 
 5.78038      -3.9783 
 5.79638      -4.9783 
 5.79638      -3.9783 
 5.81238      -3.9783 
 5.81238      -4.9783 
 5.82738      -3.9783 
 5.82738      -4.9783 
 5.84338      -4.9783 
 5.84338      -4.9783 
 5.85938      -7.9783 
 5.87437      -4.9783 
 5.87437      -4.9783 
 5.87437      -4.9783 
 5.89037      -5.9783 
 5.90538      -4.9783 
 5.90538      -5.9783 
 5.92138      -4.9783 
 5.92138      -4.9783 
 5.93738      -4.9783 
 5.93738      -4.9783 
 5.95238      -5.9783 
 5.95238      -4.9783 
 5.96838      -4.9783 
 5.96838      -4.9783 
 5.98438      -4.9783 
 5.98438      -5.9783 
 5.99937      -4.9783 
 5.99937      -6.9783 
 6.01537      -4.9783 
 6.01537      -5.9783 
 6.03038      -5.9783 
 6.03038      -4.9783 
 6.04638      -4.9783 
 6.04638      -4.9783 
 6.06238      -4.9783 
 6.06238      -4.9783 
 6.07738      -4.9783 
 6.07738      -4.9783 
 6.09338      -4.9783 
 6.09338      -3.9783 
 6.10938      -5.9783 
 6.10938      -4.9783 
 6.12437      -3.9783 
 6.12437      -3.9783 
 6.14037      -3.9783 
 6.14037      -4.9783 
 6.15538      -3.9783 
 6.15538      -4.9783 
 6.17138      -3.9783 
 6.18738      -2.9783 
 6.18738      -3.9783 
 6.18738      -3.9783 
 6.20238      -3.9783 
 6.20238      -3.9783 
 6.21838      -3.9783 
 6.21838      -3.9783 
 6.23438      -3.9783 
 6.24937      -3.9783 
 6.24937      -3.9783 
 6.26537      -5.9783 
 6.26537      -2.9783 
 6.28038      -3.9783 
 6.28038      -3.9783 
 6.29638      -2.9783 
 6.29638      -3.9783 
 6.31238      -1.9783 
 6.31238      -3.9783 
 6.32738      -2.9783 
 6.32738      -3.9783 
 6.34338      -2.9783 
 6.34338      -2.9783 
 6.35938      -2.9783 
 6.35938      -2.9783 
 6.37437      -0.978302 
 6.37437      -1.9783 
 6.39037      -2.9783 
 6.39037      -3.9783 
 6.40538      -2.9783 
 6.40538      -2.9783 
 6.42138      -2.9783 
 6.42138      -1.9783 
 6.43738      -1.9783 
 6.43738      -1.9783 
 6.45238      -2.9783 
 6.45238      -1.9783 
 6.46838      -1.9783 
 6.46838      -2.9783 
 6.48438      -1.9783 
 6.48438      -2.9783 
 6.49937      -1.9783 
 6.49937      -1.9783 
 6.51537      -0.978302 
 6.53038      -2.9783 
 6.53038      -1.9783 
 6.54638      -2.9783 
 6.54638      -2.9783 
 6.56238      -1.9783 
 6.56238      -1.9783 
 6.57738      -1.9783 
 6.57738      -1.9783 
 6.59338      -1.9783 
 6.59338      -2.9783 
 6.60938      -1.9783 
 6.60938      -2.9783 
 6.62437      -1.9783 
 6.62437      -1.9783 
 6.64037      -1.9783 
 6.64037      -2.9783 
 6.65538      -2.9783 
 6.65538      -2.9783 
 6.67138      -2.9783 
 6.67138      -2.9783 
 6.68738      -2.9783 
 6.68738      -2.9783 
 6.70238      -2.9783 
 6.70238      -2.9783 
 6.71838      -3.9783 
 6.71838      -2.9783 
 6.73438      -1.9783 
 6.73438      -2.9783 
 6.74937      -2.9783 
 6.74937      -3.9783 
 6.76537      -8.9783 
 6.76537      -3.9783 
 6.78038      -2.9783 
 6.78038      -1.9783 
 6.79638      -2.9783 
 6.79638      -3.9783 
 6.81238      -3.9783 
 6.81238      -3.9783 
 6.82738      -3.9783 
 6.82738      -3.9783 
 6.84338      -4.9783 
 6.85938      -3.9783 
 6.85938      -3.9783 
 6.85938      -3.9783 
 6.87437      -3.9783 
 6.89037      -4.9783 
 6.89037      -4.9783 
 6.90538      -4.9783 
 6.90538      -4.9783 
 6.92138      -4.9783 
 6.92138      -4.9783 
 6.93738      -4.9783 
 6.93738      -4.9783 
 6.95238      -4.9783 
 6.95238      -4.9783 
 6.96838      -5.9783 
 6.96838      -5.9783 
 6.98438      -4.9783 
 6.98438      -5.9783 
 6.99937      -4.9783 
 6.99937      -4.9783 
 7.01537      -5.9783 
 7.01537      -4.9783 
 7.03038      -4.9783 
 7.03038      -4.9783 
 7.04638      -4.9783 
 7.04638      -3.9783 
 7.06238      -4.9783 
 7.06238      -5.9783 
 7.07738      -4.9783 
 7.07738      -4.9783 
 7.09338      -5.9783 
 7.09338      -2.9783 
 7.10938      -4.9783 
 7.10938      -5.9783 
 7.12437      -4.9783 
 7.12437      -4.9783 
 7.14037      -4.9783 
 7.14037      -4.9783 
 7.15538      -5.9783 
 7.15538      -4.9783 
 7.17138      -4.9783 
 7.17138      -4.9783 
 7.18738      -3.9783 
 7.20238      -4.9783 
 7.20238      -3.9783 
 7.21838      -4.9783 
 7.21838      -4.9783 
 7.21838      -4.9783 
 7.23438      -4.9783 
 7.24937      -4.9783 
 7.24937      -4.9783 
 7.26537      -3.9783 
 7.26537      -3.9783 
 7.28038      -4.9783 
 7.28038      -3.9783 
 7.29638      -2.9783 
 7.29638      -5.9783 
 7.31238      -3.9783 
 7.31238      -3.9783 
 7.32738      -2.9783 
 7.32738      -3.9783 
 7.34338      -3.9783 
 7.34338      -3.9783 
 7.35938      -2.9783 
 7.35938      -3.9783 
 7.37437      -2.9783 
 7.37437      -2.9783 
 7.39037      -2.9783 
 7.39037      -2.9783 
 7.40538      -2.9783 
 7.40538      -2.9783 
 7.42138      -2.9783 
 7.42138      -2.9783 
 7.43738      -2.9783 
 7.43738      -2.9783 
 7.45238      -2.9783 
 7.45238      -2.9783 
 7.46838      -2.9783 
 7.46838      -2.9783 
 7.48438      -1.9783 
 7.48438      -1.9783 
 7.49937      -1.9783 
 7.49937      -1.9783 
 7.51537      -2.9783 
 7.53038      -1.9783 
 7.53038      -1.9783 
 7.53038      -1.9783 
 7.54638      -1.9783 
 7.56238       0.021698 
 7.56238      -1.9783 
 7.57738      -2.9783 
 7.57738      -1.9783 
 7.59338      -1.9783 
 7.59338      -1.9783 
 7.60938      -1.9783 
 7.60938      -1.9783 
 7.62437      -1.9783 
 7.62437      -2.9783 
 7.64037      -1.9783 
 7.64037      -2.9783 
 7.65538      -2.9783 
 7.65538      -1.9783 
 7.67138      -2.9783 
 7.67138      -2.9783 
 7.68738      -1.9783 
 7.68738      -1.9783 
 7.70238      -2.9783 
 7.70238      -2.9783 
 7.71838      -1.9783 
 7.71838      -2.9783 
 7.73438      -1.9783 
 7.73438      -2.9783 
 7.74937      -2.9783 
 7.74937      -2.9783 
 7.76537      -2.9783 
 7.76537      -2.9783 
 7.78038      -2.9783 
 7.78038      -2.9783 
 7.79638      -2.9783 
 7.79638      -3.9783 
 7.81238      -2.9783 
 7.81238      -2.9783 
 7.82738      -2.9783 
 7.82738      -2.9783 
 7.84338      -2.9783 
 7.85938      -3.9783 
 7.85938      -2.9783 
 7.87437      -3.9783 
 7.87437      -3.9783 
 7.87437      -3.9783 
 7.89037      -3.9783 
 7.90538      -3.9783 
 7.90538      -3.9783 
 7.92138      -2.9783 
 7.92138      -3.9783 
 7.93738      -3.9783 
 7.93738      -4.9783 
 7.95238      -3.9783 
 7.95238      -4.9783 
 7.96838      -4.9783 
 7.96838      -4.9783 
 7.98438      -4.9783 
 7.98438      -6.9783 
 7.99937      -4.9783 
 7.99937      -4.9783 
 8.01538      -4.9783 
 8.01538      -4.9783 
 8.03037      -4.9783 
 8.03037      -5.9783 
 8.04637      -4.9783 
 8.04637      -4.9783 
 8.06237      -4.9783 
 8.06237      -4.9783 
 8.07738      -5.9783 
 8.07738      -4.9783 
 8.09338      -5.9783 
 8.09338      -4.9783 
 8.10938      -7.9783 
 8.10938      -5.9783 
 8.12438      -4.9783 
 8.12438      -5.9783 
 8.14038      -4.9783 
 8.14038      -4.9783 
 8.15537      -4.9783 
 8.15537      -5.9783 
 8.17137      -5.9783 
 8.18737      -4.9783 
 8.18737      -4.9783 
 8.18737      -4.9783 
 8.20238      -5.9783 
 8.21838      -4.9783 
 8.21838      -4.9783 
 8.21838      -4.9783 
 8.23438      -4.9783 
 8.24938      -4.9783 
 8.24938      -4.9783 
 8.26538      -4.9783 
 8.26538      -5.9783 
 8.28037      -5.9783 
 8.28037      -4.9783 
 8.29637      -4.9783 
 8.29637      -4.9783 
 8.31237      -4.9783 
 8.31237      -5.9783 
 8.32738      -3.9783 
 8.32738      -4.9783 
 8.34338      -3.9783 
 8.34338      -3.9783 
 8.35938      -4.9783 
 8.35938      -3.9783 
 8.37438      -3.9783 
 8.37438      -3.9783 
 8.39038      -3.9783 
 8.39038      -2.9783 
 8.40537      -3.9783 
 8.40537      -3.9783 
 8.42137      -2.9783 
 8.42137      -3.9783 
 8.43737      -3.9783 
 8.43737      -3.9783 
 8.45238      -2.9783 
 8.45238      -2.9783 
 8.46838      -2.9783 
 8.46838      -3.9783 
 8.48438      -2.9783 
 8.48438      -2.9783 
 8.49938      -3.9783 
 8.51538      -2.9783 
 8.51538      -2.9783 
 8.51538      -2.9783 
 8.53037      -2.9783 
 8.53037      -2.9783 
 8.54637      -2.9783 
 8.54637      -2.9783 
 8.56237      -2.9783 
 8.57738       1.0217 
 8.57738      -2.9783 
 8.59338      -1.9783 
 8.59338      -2.9783 
 8.60938      -1.9783 
 8.60938      -1.9783 
 8.62438      -1.9783 
 8.62438      -1.9783 
 8.64038      -2.9783 
 8.64038      -1.9783 
 8.65537      -1.9783 
 8.65537      -2.9783 
 8.67137      -1.9783 
 8.67137      -0.978302 
 8.68737      -2.9783 
 8.68737      -2.9783 
 8.70238      -1.9783 
 8.70238      -2.9783 
 8.71838      -1.9783 
 8.71838      -1.9783 
 8.73438      -2.9783 
 8.73438      -1.9783 
 8.74938      -2.9783 
 8.74938      -1.9783 
 8.76538      -2.9783 
 8.76538      -1.9783 
 8.78037      -2.9783 
 8.78037      -1.9783 
 8.79637      -2.9783 
 8.79637      -1.9783 
 8.81237      -1.9783 
 8.81237      -2.9783 
 8.82738      -1.9783 
 8.82738      -2.9783 
 8.84338      -2.9783 
 8.84338      -2.9783 
 8.85938      -2.9783 
 8.85938      -2.9783 
 8.87438      -2.9783 
 8.87438      -2.9783 
 8.89038      -3.9783 
 8.90537      -2.9783 
 8.90537      -3.9783 
 8.92137      -4.9783 
 8.92137      -3.9783 
 8.93737      -2.9783 
 8.93737      -3.9783 
 8.95238      -2.9783 
 8.95238      -3.9783 
 8.96838      -3.9783 
 8.96838      -3.9783 
 8.98438      -3.9783 
 8.98438      -3.9783 
 8.99938      -3.9783 
 8.99938      -3.9783 
 9.01538      -3.9783 
 9.01538      -3.9783 
 9.03037      -4.9783 
 9.03037      -6.9783 
 9.04637      -3.9783 
 9.04637      -3.9783 
 9.06237      -3.9783 
 9.06237      -4.9783 
 9.07738      -4.9783 
 9.07738      -4.9783 
 9.09338      -4.9783 
 9.09338      -4.9783 
 9.10938      -4.9783 
 9.10938      -4.9783 
 9.12438      -4.9783 
 9.12438      -4.9783 
 9.14038      -4.9783 
 9.14038      -4.9783 
 9.15537      -5.9783 
 9.15537      -4.9783 
 9.17137      -5.9783 
 9.18737      -3.9783 
 9.18737      -4.9783 
 9.20238      -5.9783 
 9.20238      -3.9783 
 9.21838      -4.9783 
 9.21838      -4.9783 
 9.23438      -5.9783 
 9.23438      -4.9783 
 9.24938      -4.9783 
 9.24938      -4.9783 
 9.26538      -4.9783 
 9.26538      -7.9783 
 9.28037      -4.9783 
 9.28037      -4.9783 
 9.29637      -4.9783 
 9.29637      -4.9783 
 9.31237      -4.9783 
 9.31237      -4.9783 
 9.32738      -4.9783 
 9.32738      -4.9783 
 9.34338      -4.9783 
 9.34338      -4.9783 
 9.35938      -4.9783 
 9.35938      -4.9783 
 9.37438      -4.9783 
 9.37438      -4.9783 
 9.39038      -4.9783 
 9.39038      -4.9783 
 9.40537      -3.9783 
 9.40537      -4.9783 
 9.42137      -3.9783 
 9.42137      -4.9783 
 9.43737      -3.9783 
 9.43737      -3.9783 
 9.45238      -3.9783 
 9.45238      -3.9783 
 9.46838      -3.9783 
 9.46838      -3.9783 
 9.48438      -3.9783 
 9.48438      -4.9783 
 9.49938      -2.9783 
 9.51538      -3.9783 
 9.51538      -2.9783 
 9.51538      -2.9783 
 9.53037      -2.9783 
 9.54637      -3.9783 
 9.54637      -2.9783 
 9.56237      -3.9783 
 9.56237      -2.9783 
 9.57738      -2.9783 
 9.57738      -1.9783 
 9.59338      -2.9783 
 9.59338      -1.9783 
 9.60938      -2.9783 
 9.60938      -2.9783 
 9.62438      -2.9783 
 9.62438      -2.9783 
 9.64038      -2.9783 
 9.64038      -2.9783 
 9.65537      -2.9783 
 9.65537      -1.9783 
 9.67137      -2.9783 
 9.67137      -1.9783 
 9.68737      -1.9783 
 9.68737      -2.9783 
 9.70238      -1.9783 
 9.70238      -2.9783 
 9.71838      -2.9783 
 9.71838      -1.9783 
 9.73438      -1.9783 
 9.73438      -1.9783 
 9.74938      -1.9783 
 9.74938      -1.9783 
 9.76538      -2.9783 
 9.76538      -1.9783 
 9.78037      -1.9783 
 9.78037      -1.9783 
 9.79637      -2.9783 
 9.79637      -1.9783 
 9.81237      -1.9783 
 9.81237      -1.9783 
 9.82738      -1.9783 
 9.82738      -1.9783 
 9.84338      -1.9783 
 9.85938      -2.9783 
 9.85938      -2.9783 
 9.87438      -1.9783 
 9.87438      -2.9783 
 9.87438      -2.9783 
 9.89038      -2.9783 
 9.90537      -1.9783 
 9.90537      -2.9783 
 9.92137      -2.9783 
 9.92137      -2.9783 
 9.93737      -2.9783 
 9.93737      -2.9783 
 9.95238      -1.9783 
 9.95238      -2.9783 
 9.96838      -2.9783 
 9.96838      -2.9783 
 9.98438      -2.9783 
 9.98438      -2.9783 
 9.99938      -2.9783 
 9.99938      -3.9783 
 10.0154      -2.9783 
 10.0154      -3.9783 
 10.0304      -3.9783 
 10.0304      -2.9783 
 10.0464      -3.9783 
 10.0464      -3.9783 
 10.0624      -3.9783 
 10.0624      -3.9783 
 10.0774      -3.9783 
 10.0774      -3.9783 
 10.0934      -3.9783 
 10.0934      -3.9783 
 10.1094      -3.9783 
 10.1094      -4.9783 
 10.1244      -3.9783 
 10.1244      -3.9783 
 10.1404      -4.9783 
 10.1404      -4.9783 
 10.1554      -5.9783 
 10.1554      -4.9783 
 10.1714      -4.9783 
 10.1714      -4.9783 
 10.1874      -4.9783 
 10.2024      -5.9783 
 10.2024      -5.9783 
 10.2184      -4.9783 
 10.2184      -4.9783 
 10.2184      -4.9783 
 10.2344      -4.9783 
 10.2494      -5.9783 
 10.2494      -4.9783 
 10.2654      -4.9783 
 10.2654      -4.9783 
 10.2804      -5.9783 
 10.2804      -5.9783 
 10.2964      -4.9783 
 10.2964      -5.9783 
 10.3124      -4.9783 
 10.3124      -5.9783 
 10.3274      -4.9783 
 10.3274      -5.9783 
 10.3434      -4.9783 
 10.3434      -5.9783 
 10.3594      -5.9783 
 10.3594      -5.9783 
 10.3744      -4.9783 
 10.3744      -4.9783 
 10.3904      -4.9783 
 10.3904      -3.9783 
 10.4054      -4.9783 
 10.4054      -4.9783 
 10.4214      -4.9783 
 10.4214      -4.9783 
 10.4374      -4.9783 
 10.4374      -4.9783 
 10.4524      -4.9783 
 10.4524      -4.9783 
 10.4684      -4.9783 
 10.4684      -4.9783 
 10.4844      -4.9783 
 10.4844      -3.9783 
 10.4994      -4.9783 
 10.4994      -3.9783 
 10.5154      -3.9783 
 10.5304      -4.9783 
 10.5304      -3.9783 
 10.5304      -3.9783 
 10.5464      -3.9783 
 10.5624      -4.9783 
 10.5624      -3.9783 
 10.5774      -3.9783 
 10.5774      -3.9783 
 10.5934      -3.9783 
 10.5934      -3.9783 
 10.6094      -2.9783 
 10.6094      -3.9783 
 10.6244      -2.9783 
 10.6244      -3.9783 
 10.6404      -0.978302 
 10.6404      -2.9783 
 10.6554      -3.9783 
 10.6554      -2.9783 
 10.6714      -2.9783 
 10.6714      -2.9783 
 10.6874      -2.9783 
 10.6874      -2.9783 
 10.7024      -2.9783 
 10.7024      -1.9783 
 10.7184      -3.9783 
 10.7184      -1.9783 
 10.7344      -2.9783 
 10.7344      -3.9783 
 10.7494      -2.9783 
 10.7494      -2.9783 
 10.7654      -1.9783 
 10.7654      -2.9783 
 10.7804      -1.9783 
 10.7804      -2.9783 
 10.7964      -1.9783 
 10.7964      -1.9783 
 10.8124      -1.9783 
 10.8124      -1.9783 
 10.8274      -0.978302 
 10.8274      -0.978302 
 10.8434      -1.9783 
 10.8434      -1.9783 
 10.8594      -4.9783 
 10.8744      -1.9783 
 10.8744      -2.9783 
 10.8904      -1.9783 
 10.8904      -1.9783 
 10.8904      -1.9783 
 10.9054      -1.9783 
 10.9214      -2.9783 
 10.9214      -1.9783 
 10.9374      -2.9783 
 10.9374      -3.9783 
 10.9524      -2.9783 
 10.9524      -2.9783 
 10.9684      -2.9783 
 10.9684      -1.9783 
 10.9844      -1.9783 
 10.9844      -2.9783 
 10.9994      -1.9783 
 10.9994      -2.9783 
 11.0154      -2.9783 
 11.0154      -1.9783 
 11.0304      -1.9783 
 11.0304      -2.9783 
 11.0464      -2.9783 
 11.0464      -2.9783 
 11.0624      -1.9783 
 11.0624      -2.9783 
 11.0774      -3.9783 
 11.0774      -3.9783 
 11.0934      -3.9783 
 11.0934      -3.9783 
 11.1094      -2.9783 
 11.1094      -3.9783 
 11.1244      -2.9783 
 11.1244      -3.9783 
 11.1404      -3.9783 
 11.1404      -3.9783 
 11.1554      -2.9783 
 11.1554      -3.9783 
 11.1714      -3.9783 
 11.1714      -3.9783 
 11.1874      -3.9783 
 11.1874      -3.9783 
 11.2024      -3.9783 
 11.2024      -3.9783 
 11.2184      -4.9783 
 11.2184      -4.9783 
 11.2344      -4.9783 
 11.2494      -4.9783 
 11.2494      -4.9783 
 11.2654      -4.9783 
 11.2654      -4.9783 
 11.2804      -5.9783 
 11.2804      -4.9783 
 11.2964      -4.9783 
 11.2964      -4.9783 
 11.3124      -4.9783 
 11.3124      -5.9783 
 11.3274      -4.9783 
 11.3274      -4.9783 
 11.3434      -5.9783 
 11.3434      -4.9783 
 11.3594      -5.9783 
 11.3594      -5.9783 
 11.3744      -4.9783 
 11.3744      -5.9783 
 11.3904      -4.9783 
 11.3904      -5.9783 
 11.4054      -4.9783 
 11.4054      -2.9783 
 11.4214      -4.9783 
 11.4214      -4.9783 
 11.4374      -5.9783 
 11.4374      -4.9783 
 11.4524      -4.9783 
 11.4524      -4.9783 
 11.4684      -5.9783 
 11.4684      -5.9783 
 11.4844      -4.9783 
 11.4844      -4.9783 
 11.4994      -4.9783 
 11.4994      -4.9783 
 11.5154      -4.9783 
 11.5304      -5.9783 
 11.5304      -4.9783 
 11.5304      -4.9783 
 11.5464      -3.9783 
 11.5624      -4.9783 
 11.5624      -3.9783 
 11.5774      -4.9783 
 11.5774      -4.9783 
 11.5934      -3.9783 
 11.5934      -3.9783 
 11.6094      -3.9783 
 11.6094      -4.9783 
 11.6244      -3.9783 
 11.6244      -3.9783 
 11.6404      -3.9783 
 11.6404      -3.9783 
 11.6554      -3.9783 
 11.6554      -3.9783 
 11.6714      -3.9783 
 11.6714      -3.9783 
 11.6874      -3.9783 
 11.6874      -3.9783 
 11.7024      -2.9783 
 11.7024      -3.9783 
 11.7184      -1.9783 
 11.7184      -2.9783 
 11.7344      -2.9783 
 11.7344      -2.9783 
 11.7494      -2.9783 
 11.7494      -2.9783 
 11.7654      -2.9783 
 11.7654      -2.9783 
 11.7804      -2.9783 
 11.7804      -2.9783 
 11.7964      -2.9783 
 11.7964      -2.9783 
 11.8124      -1.9783 
 11.8124      -2.9783 
 11.8274      -1.9783 
 11.8274      -2.9783 
 11.8434      -2.9783 
 11.8434      -2.9783 
 11.8594      -2.9783 
 11.8744      -1.9783 
 11.8744      -1.9783 
 11.8744      -1.9783 
 11.8904      -2.9783 
 11.9054      -1.9783 
 11.9054      -2.9783 
 11.9214      -1.9783 
 11.9214      -1.9783 
 11.9374      -1.9783 
 11.9374      -1.9783 
 11.9524      -1.9783 
 11.9524      -1.9783 
 11.9684      -1.9783 
 11.9684      -1.9783 
 11.9844      -2.9783 
 11.9844      -3.9783 
 11.9994      -2.9783 
 11.9994      -2.9783 
 12.0154      -1.9783 
 12.0154      -2.9783 
 12.0304      -1.9783 
 12.0304      -2.9783 
 12.0464      -0.978302 
 12.0464      -2.9783 
 12.0624      -1.9783 
 12.0624      -5.9783 
 12.0774      -2.9783 
 12.0774      -1.9783 
 12.0934      -1.9783 
 12.0934      -2.9783 
 12.1094      -2.9783 
 12.1094      -2.9783 
 12.1244      -2.9783 
 12.1244      -2.9783 
 12.1404      -2.9783 
 12.1404      -3.9783 
 12.1554      -2.9783 
 12.1554      -2.9783 
 12.1714      -2.9783 
 12.1714      -2.9783 
 12.1874      -2.9783 
 12.2024      -3.9783 
 12.2024      -2.9783 
 12.2184      -3.9783 
 12.2184      -3.9783 
 12.2184      -3.9783 
 12.2344      -3.9783 
 12.2494      -3.9783 
 12.2494      -3.9783 
 12.2654      -4.9783 
 12.2654      -3.9783 
 12.2804      -4.9783 
 12.2804      -3.9783 
 12.2964      -3.9783 
 12.2964      -3.9783 
 12.3124      -4.9783 
 12.3124      -4.9783 
 12.3274      -4.9783 
 12.3274      -4.9783 
 12.3434      -4.9783 
 12.3434      -4.9783 
 12.3594      -4.9783 
 12.3594      -4.9783 
 12.3744      -4.9783 
 12.3744      -5.9783 
 12.3904      -4.9783 
 12.3904      -4.9783 
 12.4054      -5.9783 
 12.4054      -6.9783 
 12.4214      -5.9783 
 12.4214      -4.9783 
 12.4374      -5.9783 
 12.4374      -4.9783 
 12.4524      -5.9783 
 12.4524      -5.9783 
 12.4684      -4.9783 
 12.4684      -4.9783 
 12.4844      -4.9783 
 12.4844      -4.9783 
 12.4994      -4.9783 
 12.4994      -4.9783 
 12.5154      -4.9783 
 12.5304      -3.9783 
 12.5304      -5.9783 
 12.5464      -4.9783 
 12.5464      -5.9783 
 12.5624      -4.9783 
 12.5624      -4.9783 
 12.5774      -4.9783 
 12.5774      -4.9783 
 12.5934      -4.9783 
 12.5934      -4.9783 
 12.6094      -2.9783 
 12.6094      -4.9783 
 12.6244      -4.9783 
 12.6244      -4.9783 
 12.6404      -4.9783 
 12.6404      -5.9783 
 12.6554      -4.9783 
 12.6554      -3.9783 
 12.6714      -4.9783 
 12.6714      -3.9783 
 12.6874      -3.9783 
 12.6874      -3.9783 
 12.7024      -3.9783 
 12.7024      -3.9783 
 12.7184      -3.9783 
 12.7184      -3.9783 
 12.7344      -3.9783 
 12.7344      -3.9783 
 12.7494      -2.9783 
 12.7494      -3.9783 
 12.7654      -2.9783 
 12.7654      -3.9783 
 12.7804      -2.9783 
 12.7804      -1.9783 
 12.7964      -3.9783 
 12.7964      -3.9783 
 12.8124      -2.9783 
 12.8124      -2.9783 
 12.8274      -3.9783 
 12.8274      -2.9783 
 12.8434      -2.9783 
 12.8434      -2.9783 
 12.8594      -2.9783 
 12.8594      -2.9783 
 12.8744      -3.9783 
 12.8904      -2.9783 
 12.8904      -2.9783 
 12.9054      -4.9783 
 12.9054      -2.9783 
 12.9214      -2.9783 
 12.9214      -2.9783 
 12.9374      -2.9783 
 12.9374      -1.9783 
 12.9524      -2.9783 
 12.9524      -1.9783 
 12.9684      -1.9783 
 12.9684      -1.9783 
 12.9844      -1.9783 
 12.9844      -1.9783 
 12.9994      -0.978302 
 12.9994      -2.9783 
 13.0154      -1.9783 
 13.0154      -1.9783 
 13.0304      -1.9783 
 13.0304      -1.9783 
 13.0464      -2.9783 
 13.0464      -1.9783 
 13.0624      -2.9783 
 13.0624      -1.9783 
 13.0774      -2.9783 
 13.0774      -1.9783 
 13.0934      -2.9783 
 13.0934      -1.9783 
 13.1094      -3.9783 
 13.1094      -1.9783 
 13.1244      -1.9783 
 13.1244      -2.9783 
 13.1404      -1.9783 
 13.1404      -2.9783 
 13.1554      -1.9783 
 13.1554      -2.9783 
 13.1714      -2.9783 
 13.1874      -3.9783 
 13.1874      -2.9783 
 13.2024      -1.9783 
 13.2024      -2.9783 
 13.2024      -2.9783 
 13.2184      -2.9783 
 13.2184      -2.9783 
 13.2344      -2.9783 
 13.2494      -0.978302 
 13.2494      -2.9783 
 13.2654      -2.9783 
 13.2654      -3.9783 
 13.2804      -2.9783 
 13.2804      -3.9783 
 13.2964      -4.9783 
 13.2964      -3.9783 
 13.3124      -3.9783 
 13.3124      -3.9783 
 13.3274      -2.9783 
 13.3274      -5.9783 
 13.3434      -3.9783 
 13.3434      -3.9783 
 13.3594      -4.9783 
 13.3594      -4.9783 
 13.3744      -3.9783 
 13.3744      -3.9783 
 13.3904      -4.9783 
 13.3904      -3.9783 
 13.4054      -3.9783 
 13.4054      -4.9783 
 13.4214      -4.9783 
 13.4214      -4.9783 
 13.4374      -4.9783 
 13.4374      -4.9783 
 13.4524      -4.9783 
 13.4524      -4.9783 
 13.4684      -4.9783 
 13.4684      -4.9783 
 13.4844      -4.9783 
 13.4844      -3.9783 
 13.4994      -5.9783 
 13.5154      -4.9783 
 13.5154      -4.9783 
 13.5304      -5.9783 
 13.5304      -6.9783 
 13.5464      -4.9783 
 13.5464      -5.9783 
 13.5464      -5.9783 
 13.5624      -5.9783 
 13.5774      -5.9783 
 13.5774      -4.9783 
 13.5934      -5.9783 
 13.5934      -3.9783 
 13.6094      -3.9783 
 13.6094      -5.9783 
 13.6244      -5.9783 
 13.6244      -4.9783 
 13.6404      -4.9783 
 13.6404      -5.9783 
 13.6554      -4.9783 
 13.6554      -4.9783 
 13.6714      -4.9783 
 13.6714      -4.9783 
 13.6874      -4.9783 
 13.6874      -4.9783 
 13.7024      -4.9783 
 13.7024      -4.9783 
 13.7184      -4.9783 
 13.7184      -1.9783 
 13.7344      -3.9783 
 13.7344      -4.9783 
 13.7494      -4.9783 
 13.7494      -3.9783 
 13.7654      -4.9783 
 13.7654      -3.9783 
 13.7804      -3.9783 
 13.7804      -3.9783 
 13.7964      -4.9783 
 13.7964      -3.9783 
 13.8124      -3.9783 
 13.8124      -3.9783 
 13.8274      -3.9783 
 13.8274      -3.9783 
 13.8434      -2.9783 
 13.8594      -3.9783 
 13.8594      -3.9783 
 13.8744      -2.9783 
 13.8744      -3.9783 
 13.8744      -3.9783 
 13.8904      -3.9783 
 13.9054      -2.9783 
 13.9054      -2.9783 
 13.9214      -2.9783 
 13.9214      -2.9783 
 13.9374      -2.9783 
 13.9374      -2.9783 
 13.9524      -1.9783 
 13.9524      -2.9783 
 13.9684      -0.978302 
 13.9684      -2.9783 
 13.9844      -2.9783 
 13.9844      -1.9783 
 13.9994      -2.9783 
 13.9994      -7.9783 
 14.0154      -1.9783 
 14.0154      -1.9783 
 14.0304      -1.9783 
 14.0304      -2.9783 
 14.0464      -1.9783 
 14.0464      -2.9783 
 14.0624      -1.9783 
 14.0624      -0.978302 
 14.0774      -1.9783 
 14.0774      -1.9783 
 14.0934      -1.9783 
 14.0934      -7.9783 
 14.1094      -1.9783 
 14.1094      -1.9783 
 14.1244       0.021698 
 14.1244      -1.9783 
 14.1404      -2.9783 
 14.1404      -1.9783 
 14.1554      -2.9783 
 14.1554      -2.9783 
 14.1714      -2.9783 
 14.1874      -1.9783 
 14.1874      -2.9783 
 14.1874      -2.9783 
 14.2024      -2.9783 
 14.2024      -2.9783 
 14.2184      -1.9783 
 14.2344      -2.9783 
 14.2344      -1.9783 
 14.2494      -2.9783 
 14.2494      -2.9783 
 14.2654      -2.9783 
 14.2654      -2.9783 
 14.2804      -2.9783 
 14.2804      -2.9783 
 14.2964      -2.9783 
 14.2964      -2.9783 
 14.3124      -2.9783 
 14.3124      -3.9783 
 14.3274      -2.9783 
 14.3274      -3.9783 
 14.3434      -2.9783 
 14.3434      -3.9783 
 14.3594      -2.9783 
 14.3594      -2.9783 
 14.3744      -3.9783 
 14.3744      -3.9783 
 14.3904      -3.9783 
 14.3904      -3.9783 
 14.4054      -3.9783 
 14.4054      -4.9783 
 14.4214      -3.9783 
 14.4214      -4.9783 
 14.4374      -3.9783 
 14.4374      -3.9783 
 14.4524      -4.9783 
 14.4524      -3.9783 
 14.4684      -4.9783 
 14.4684      -4.9783 
 14.4844      -4.9783 
 14.4844      -4.9783 
 14.4994      -4.9783 
 14.4994      -4.9783 
 14.5154      -4.9783 
 14.5304      -2.9783 
 14.5304      -4.9783 
 14.5304      -4.9783 
 14.5464      -5.9783 
 14.5624      -4.9783 
 14.5624      -4.9783 
 14.5774      -4.9783 
 14.5774      -5.9783 
 14.5934      -4.9783 
 14.5934      -4.9783 
 14.6094      -4.9783 
 14.6094      -4.9783 
 14.6244      -4.9783 
 14.6244      -4.9783 
 14.6404      -5.9783 
 14.6404      -5.9783 
 14.6554      -4.9783 
 14.6554      -5.9783 
 14.6714      -5.9783 
 14.6714      -5.9783 
 14.6874      -4.9783 
 14.6874      -5.9783 
 14.7024      -4.9783 
 14.7024      -4.9783 
 14.7184      -4.9783 
 14.7184      -4.9783 
 14.7344      -4.9783 
 14.7344      -5.9783 
 14.7494      -5.9783 
 14.7494      -4.9783 
 14.7654      -4.9783 
 14.7654      -4.9783 
 14.7804      -4.9783 
 14.7804      -4.9783 
 14.7964      -4.9783 
 14.7964      -4.9783 
 14.8124      -4.9783 
 14.8124      -3.9783 
 14.8274      -3.9783 
 14.8274      -3.9783 
 14.8434      -3.9783 
 14.8594      -4.9783 
 14.8594      -4.9783 
 14.8744      -3.9783 
 14.8744      -4.9783 
 14.8904      -1.9783 
 14.8904      -3.9783 
 14.9054      -5.9783 
 14.9054      -3.9783 
 14.9214      -3.9783 
 14.9214      -2.9783 
 14.9374      -3.9783 
 14.9374      -2.9783 
 14.9524      -2.9783 
 14.9524      -3.9783 
 14.9684      -2.9783 
 14.9684      -3.9783 
 14.9844      -2.9783 
 14.9844      -3.9783 
 14.9994      -2.9783 
 14.9994      -3.9783 
 15.0154      -2.9783 
