0.1330000013    0.06812500649   -0.2850000107
0.2669999897    0.06437501006   -0.3599999988
0.4009999931    0.05062500828   -0.3850000048
0.5339999795    0.02937499874   -0.3475000107
0.6690000296    0.003124993971  -0.2662499988
0.8029999733    -0.01937498457  -0.114999994
0.9369999766    -0.04187499292  0.07999999881
1.07099998      -0.06187500364  0.2450000054
1.205000043     -0.06812499768  0.3775000131
1.338999987     -0.05687500841  0.4175000048
1.472000003     -0.03562499888  0.3999999917
1.606999993     -0.01562498815  0.3024999952
1.741000056     0.01937500828   0.1587499982
1.875   0.04437501424   -0.03500000328
2.009000063     0.07187500291   -0.2000000024
2.142999887     0.07312500172   -0.3250000024
2.27699995      0.0543750047    -0.3775000119
2.410000086     0.03812499039   -0.3724999869
2.545000076     0.008125019005  -0.3150000119
2.678999901     -0.01437498934  -0.2074999952
2.812999964     -0.04062499411  -0.03249999821
2.947000027     -0.06812499768  0.1625000021
3.08100009      -0.08437498219  0.3175000107
3.214999914     -0.06687499888  0.3987499928
3.34800005      -0.03687499768  0.4062499857
3.48300004      -0.01437498934  0.3562500036
3.617000103     0.01312501424   0.2450000054
3.750999928     0.04312501543   0.08374999896
3.88499999      0.06562500887   -0.1099999988
4.019000053     0.07562499934   -0.258750006
4.152999878     0.06562500887   -0.3475000107
4.287000179     0.05062500828   -0.3887500012
4.421999931     0.01812500947   -0.3512500072
4.556000233     -0.0081249953   -0.2799999857
4.690000057     -0.04437499053  -0.1362500036
4.823999882     -0.0706249953   0.05625000004
4.958000183     -0.08937500722  0.2300000048
5.092000008     -0.06812499768  0.3475000119
5.225999832     -0.04687498815  0.3987499928
5.361000061     -0.02562500841  0.3949999964
5.494999886     0.0006249963553 0.3237500048
5.629000187     0.03062499755   0.1825000054
5.763000011     0.06562500887   -0.007499999702
5.896999836     0.08812500232   -0.1800000066
6.031000137     0.08812500232   -0.3099999869
6.164999962     0.05687500232   -0.364999994
6.300000191     0.03062499755   -0.3687499905
6.434000015     -0.005624997684 -0.3250000024
6.56799984      -0.03562499888  -0.2162499869
6.702000141     -0.06937499649  -0.05749999672
6.835999966     -0.09312500364  0.1274999982
6.96999979      -0.09187500484  0.2837499982
7.104000092     -0.06812499768  0.3875000036
7.238999844     -0.04687498815  0.4112500107
7.373000145     -0.01312499053  0.3800000107
7.506999969     0.03312499516   0.26625
7.640999794     0.0693750053    0.0949999994
7.775000095     0.08812500232   -0.0925000006
7.90899992      0.09437501126   -0.2424999917
8.043000221     0.07687499814   -0.3362499917
8.17800045      0.04812501066   -0.3762500131
8.312000275     0.01062501662   -0.3475000107
8.446000099     -0.02562500841  -0.2850000107
8.579999924     -0.06562500007  -0.152500003
8.713999748     -0.09687500007  0.02624999978
8.847999573     -0.1043749929   0.2175000018
8.982000351     -0.07562499053  0.3512500083
9.116999626     -0.05062498457  0.4037499881
9.251000404     -0.01812498576  0.3962499952
9.385000229     0.02187500589   0.3112499869
9.519000053     0.06312501126   0.1887499994
9.652999878     0.08937500112   0.01249999985
9.786999702     0.1031250029    -0.1599999958
9.921999931     0.09812500768   -0.290000006
10.05599976     0.06562500887   -0.35875
10.18999958     0.02937499874   -0.3687499905
10.32400036     -0.01187499172  -0.3250000024
10.45800018     -0.05562500961  -0.2325000012
10.59200001     -0.09562500126  -0.07999999762
10.72599983     -0.1068749905   0.1199999979
10.86100006     -0.08687500961  0.2712499952
10.99499989     -0.06437500126  0.3699999905
11.12899971     -0.03062500364  0.39125
11.26299953     -0.003125000068 0.3699999905
11.39700031     0.04812501066   0.2737499928
11.53100014     0.0856250047    0.1199999979
11.66499996     0.1081249981    -0.06875000089
11.80000019     0.1006250053    -0.2250000083
11.93400002     0.08187500828   -0.3250000024
12.06799984     0.04062501781   -0.3687499905
12.20199966     -0.0006250024526        -0.3437500143
12.33600044     -0.0393749953   -0.2925000036
12.47000027     -0.08937500722  -0.1662500048
12.60400009     -0.1143749834   0.00999999851
12.73900032     -0.1231250048   0.1812500066
12.87300014     -0.08437498219  0.3112499869
13.00699997     -0.06562500007  0.3900000012
13.14099979     -0.01687498696  0.3937499976
13.27499962     0.03187499636   0.3412499881
13.4090004      0.07812501185   0.209999994
13.54300022     0.1043750017    0.02499999911
13.67800045     0.1118750095    -0.14
13.81200027     0.1018750041    -0.2724999928
13.9460001      0.06562500887   -0.3450000131
14.07999992     0.02437500351   -0.3612499976
14.21399975     -0.02312498099  -0.3262500012
14.34799957     -0.07687498934  -0.2374999964
14.48200035     -0.1143749834   -0.0937499994
14.61699963     -0.1368749917   0.08875000164
14.7510004      -0.1093749881   0.247500003
14.88500023     -0.07937498696  0.3712499893
15.01900005     -0.02562500841  0.3962499952
15.15299988     0.003124993971  0.3762500143
15.2869997      0.06562500887   0.26625
15.42099953     0.1018750041    0.128749997
15.55599976     0.1206250011    -0.04874999762
15.68999958     0.1118750095    -0.2012500012
15.82400036     0.08812500232   -0.3150000119
15.95800018     0.04687501185   -0.3550000036
16.09199905     -0.004374998876 -0.3462500119
16.22599983     -0.06062500484  -0.2999999964
16.36000061     -0.1093749881   -0.1787499928
16.49500084     -0.1431249858   -0.01375000119
16.62899971     -0.1356249929   0.1687500036
16.76300049     -0.1056249917   0.3175000107
16.89699936     -0.06812499768  0.3749999857
17.03100014     -0.01812498576  0.3749999857
17.16500092     0.04062501781   0.3262500024
17.29899979     0.09562501006   0.2199999994
17.43400002     0.1206250011    0.05499999983
17.56800079     0.1243749975    -0.1187500054
17.70199966     0.1031250029    -0.2562500083
17.83600044     0.08187500828   -0.3275
17.96999931     0.01937500828   -0.3575000012
18.10400009     -0.02812500603  -0.3262500012
18.23800087     -0.09312500364  -0.2487499857
18.37299919     -0.1368749917   -0.10875
18.50699997     -0.148124981    0.07250000037
18.64100075     -0.1318749965   0.228750006
18.77499962     -0.09437500245  0.3387499905
18.9090004      -0.03812499649  0.3837500072
19.04299927     0.0231250047    0.3737499869
19.17700005     0.07687499814   0.2824999994
19.31200027     0.1093750119    0.1524999967
19.44599915     0.1293750077    -0.0300000006
19.57999992     0.1206250011    -0.1800000066
19.7140007      0.1056250005    -0.29625
19.84799957     0.05562500351   -0.3450000131
19.98200035     -0.006874996492 -0.3462500119
20.11599922     -0.07687498934  -0.2999999964
20.25099945     -0.121875006    -0.189999997
20.38500023     -0.1581250013   -0.0387499997
20.5189991      -0.1468749822   0.14125
20.65299988     -0.116874981    0.2800000018
20.78700066     -0.07562499053  0.3737499869
20.92099953     -0.02062498338  0.3837500072
21.05500031     0.05062500828   0.3424999869
21.19000053     0.1056250005    0.222499997
21.3239994      0.1268750101    0.06500000007
21.45800018     0.1418750107    -0.1037500048
21.59199905     0.1206250011    -0.2387499952
21.72599983     0.09437501126   -0.321250006
21.86000061     0.02187500589   -0.3475000107
21.99399948     -0.04437499053  -0.3237500036
22.12899971     -0.1043749929   -0.2550000095
22.26300049     -0.153125006    -0.1249999994
22.39699936     -0.1743749858   0.04999999994
22.53100014     -0.1518750072   0.2112499928
22.66500092     -0.1093749881   0.3324999964
22.79899979     -0.04687498815  0.3787500119
22.93300056     0.01812500947   0.36
23.06800079     0.09187499874   0.2750000066
23.20199966     0.1231249987    0.1612500033
23.33600044     0.1443750083    -0.01124999985
23.46999931     0.1368750005    -0.1612499946
23.60400009     0.1131250083    -0.2799999857
23.73800087     0.06437501006   -0.3349999928
23.87199974     -0.006874996492 -0.3374999905
24.00699997     -0.08312498338  -0.2999999964
24.14100075     -0.1331249953   -0.1950000072
24.27499962     -0.1743749858   -0.0537500003
24.4090004      -0.1706249893   0.122500003
24.54299927     -0.1368749917   0.2562499946
24.67700005     -0.07437499172  0.3475000119
24.81100082     -0.01062499292  0.366249994
24.94599915     0.05687500232   0.3399999893
25.07999992     0.1068749993    0.2362499988
25.2140007      0.1418750107    0.08749999911
25.34799957     0.1481250047    -0.08124999642
25.48200035     0.1356250017    -0.2137499893
25.61599922     0.09687500887   -0.3074999893
25.75   0.02437500351   -0.333749994
25.88500023     -0.04687498815  -0.3175000095
26.0189991      -0.1156249822   -0.2562500083
26.15299988     -0.1681249917   -0.1362500036
26.28700066     -0.1906250001   0.02249999963
26.42099953     -0.1606249989   0.1799999928
26.55500031     -0.1256250025   0.3062499917
26.69000053     -0.04687498815  0.3649999952
26.8239994      0.01937500828   0.3624999976
26.95800018     0.09562501006   0.2900000072
27.09199905     0.1331250041    0.1674999973
27.22599983     0.1631250053    0.004999999553
27.36000061     0.1518750011    -0.1437499964
27.49399948     0.1218749999    -0.2600000048
27.62899971     0.07187500291   -0.3225000048
27.76300049     -0.005624997684 -0.3275
27.89699936     -0.08812500841  -0.29625
28.03100014     -0.1543750048   -0.2037499988
28.16500092     -0.1931249977   -0.06875000089
28.29899979     -0.1856250048   0.1024999997
28.43300056     -0.1593750001   0.2387499964
28.56800079     -0.08687500961  0.3424999869
28.70199966     -0.01437498934  0.3687499917
28.83600044     0.06312501126   0.322500006
28.96999931     0.1193750023    0.2337500012
29.10400009     0.1543749987    0.09874999955
29.23800087     0.1706249981    -0.06374999821
29.37199974     0.1443750083    -0.1950000072
29.50699997     0.1106250107    -0.290000006
29.64100075     0.03187499636   -0.3237500036
29.77499962     -0.04687498815  -0.3162500107
29.9090004      -0.1281250001   -0.2575000072
30.04299927     -0.1831250072   -0.1474999928
30.17700005     -0.2018750191   0.008749999702
30.31100082     -0.1856250048   0.1649999997
30.44599915     -0.1256250025   0.2837499982
30.57999992     -0.05937500603  0.3412499881
30.7140007      0.01062501662   0.3412499881
30.84799957     0.09812500768   0.2887499934
30.98200035     0.1456250071    0.1812500066
31.11599922     0.1756250083    0.02999999993
31.25   0.1668750017    -0.1249999994
31.38500023     0.1281250089    -0.2412499928
31.5189991      0.07937501066   -0.3087499881
31.65299988     -0.006874996492 -0.3225000048
31.78700066     -0.09437500245  -0.2925000036
31.92099953     -0.1643749953   -0.208749994
32.05500031     -0.1981249929   -0.08124999642
32.18899918     -0.2056249858   0.08250000015
32.32400131     -0.1743749858   0.2074999964
32.45800018     -0.1093749881   0.303749994
32.59199905     -0.02062498338  0.3575000024
32.72600174     0.06437501006   0.3212500072
32.86000061     0.1293750077    0.2424999928
32.99399948     0.1718750119    0.1162500015
33.12799835     0.1906250014    -0.04500000119
33.26300049     0.1543749987    -0.1749999964
33.39699936     0.1206250011    -0.2724999928
33.53099823     0.03812499039   -0.3162500107
33.66500092     -0.04562498934  -0.3099999869
33.79899979     -0.1368749917   -0.2562500083
33.93299866     -0.1956249953   -0.1537500018
34.06700134     -0.2181249738   -0.0225000003
34.20199966     -0.1931249977   0.14125
34.33599854     -0.1506250084   0.2574999934
34.47000122     -0.06812499768  0.3374999917
34.60400009     0.01562501185   0.3387499905
34.73799896     0.1043750017    0.2762500054
34.87200165     0.1606250077    0.178749994
35.00600052     0.199375008     0.03750000022
35.14099884     0.1818750023    -0.1050000036
35.27500153     0.1481250047    -0.2187500143
35.4090004      0.09062499993   -0.2950000012
35.54299927     -0.005624997684 -0.3125000143
35.67699814     -0.09562500126  -0.2875000083
35.81100082     -0.173124987    -0.2099999928
35.94499969     -0.2143750072   -0.0937499994
36.08000183     -0.2156249762   0.05749999978
36.2140007      -0.1881250025   0.197500006
36.34799957     -0.1156249822   0.291250006
36.48199844     -0.03062500364  0.3374999917
36.61600113     0.06687500768   0.2962500012
36.75   0.1318750053    0.2399999952
36.88399887     0.1906250014    0.122500003
37.01900101     0.2106250047    -0.02374999911
37.15299988     0.1743750095    -0.1562499994
37.28699875     0.1281250089    -0.2525000119
37.42100143     0.04812501066   -0.2999999964
37.55500031     -0.04562498934  -0.29625
37.68899918     -0.141874987    -0.2525000119
37.82300186     -0.2043750168   -0.158749997
37.95800018     -0.2293749929   -0.02624999672
38.09199905     -0.2118750096   0.1274999982
38.22600174     -0.1681249917   0.235
38.36000061     -0.08187498457  0.2987499988
38.49399948     0.01437501304   0.3250000036
38.62799835     0.1031250029    0.2762500054
38.76200104     0.1631250053    0.1924999958
38.89699936     0.2131250023    0.05749999978
39.03099823     0.1981250017    -0.08625000656
39.16500092     0.1556249975    -0.1975000048
39.29899979     0.1018750041    -0.2737499917
39.43299866     0.0006249963553 -0.2999999964
39.56700134     -0.1006249965   -0.2799999857
39.70100021     -0.1831250072   -0.208749994
39.83599854     -0.2318749905   -0.1012500072
39.97000122     -0.2343749881   0.03375000007
40.10400009     -0.2018750191   0.1725
40.23799896     -0.1293749989   0.2687499976
40.37200165     -0.03562499888  0.3175000107
40.50600052     0.06687500768   0.3024999952
40.63999939     0.1381249993    0.2399999952
40.77500153     0.2043750032    0.128749997
40.9090004      0.2218750014    -0.015
41.04299927     0.1893750026    -0.1387500012
41.17699814     0.1368750005    -0.2325000012
41.31100082     0.05687500232   -0.2862500095
41.44499969     -0.04437499053  -0.2912500048
41.57899857     -0.1506250084   -0.2500000143
41.7140007      -0.2131249786   -0.1599999958
41.84799957     -0.2443749786   -0.04749999881
41.98199844     -0.2218750001   0.1024999997
42.11600113     -0.1856250048   0.216250003
42.25   -0.08562498099  0.2887499934
42.38399887     0.006874990395  0.3049999928
42.51800156     0.1031250029    0.260000006
42.65299988     0.1718750119    0.185000003
42.78699875     0.2231250077    0.06875000022
42.92100143     0.2131250023    -0.06750000209
43.05500031     0.1693749993    -0.177499994
43.18899918     0.1106250107    -0.2525000119
43.32300186     0.009375017813  -0.2887500072
43.45800018     -0.1006249965   -0.2699999952
43.59199905     -0.1868750036   -0.2074999952
43.72600174     -0.2393749834   -0.1112499976
43.86000061     -0.2468749762   0.0237500003
43.99399948     -0.210624981    0.1512499979
44.12799835     -0.1468749822   0.2450000054
44.26200104     -0.04312499172  0.2862499958
44.39699936     0.06437501006   0.2837499982
44.53099823     0.1368750005    0.2387499964
44.66500092     0.2131250023    0.1375000036
44.79899979     0.2406250059    0.001249999404
44.93299866     0.2031250044    -0.1175000066
45.06700134     0.1493750035    -0.2099999928
45.20100021     0.0706250041    -0.2662499988
45.33599854     -0.04187499292  -0.2774999881
45.47000122     -0.148124981    -0.2412499928
45.60400009     -0.2168750048   -0.1637500072
45.73799896     -0.2518749715   -0.05749999672
45.87200165     -0.2343749881   0.07625000052
46.00600052     -0.1981249929   0.185000003
46.13999939     -0.09812499888  0.2612500048
46.27500153     0.004374992779  0.2887499934
46.4090004      0.1081249981    0.2587500072
46.54299927     0.1756250083    0.1899999982
46.67699814     0.254375004     0.07374999918
46.81100082     0.2293750017    -0.05499999911
46.94499969     0.1831250011    -0.158749997
47.07899857     0.1168750047    -0.2349999988
47.2140007      0.01437501304   -0.2637500012
47.34799957     -0.09937499768  -0.2562500083
47.48199844     -0.1893750013   -0.2037499988
47.61600113     -0.2506250025   -0.1187500054
47.75   -0.2656249881   0.001249999404
47.88399887     -0.2331250191   0.1300000033
48.01800156     -0.1643749953   0.2275000072
48.15299988     -0.05062498457  0.2712499952
48.28699875     0.05812500112   0.2699999964
48.42100143     0.1381249993    0.2199999994
48.55500031     0.2231250077    0.1337499997
48.68899918     0.2593750029    0.01500000119
48.82300186     0.2168750062    -0.09999999344
48.95700073     0.1531249999    -0.1862500006
49.09199905     0.07562499934   -0.2462499881
49.22600174     -0.03562499888  -0.2637500012
49.36000061     -0.1468749822   -0.23375
49.49399948     -0.2256249667   -0.1624999934
49.62799835     -0.271875012    -0.0612500006
49.76200104     -0.2543749691   0.06124999993
49.89599991     -0.2081249834   0.1700000024
50.03099823     -0.1193750084   0.2399999952
50.16500092     -0.0081249953   0.2574999934
50.29899979     0.1056250005    0.2450000054
50.43299866     0.1768750071    0.1862500018
50.56700134     0.2606250054    0.08500000149
50.70100021     0.249375005     -0.03625000209
50.83499908     0.1981250017    -0.14
50.97000122     0.1231249987    -0.2124999905
51.10400009     0.0231250047    -0.2512500131
51.23799896     -0.09187500484  -0.2500000143
51.37200165     -0.1918749989   -0.1987500036
51.50600052     -0.2506250025   -0.1200000042
51.63999939     -0.2681249858   -0.015
51.77399826     -0.2443749786   0.105000001
51.9090004      -0.1806250096   0.1887499994
52.04299927     -0.06187500364  0.2524999982
52.17699814     0.05312500589   0.2549999958
52.31100082     0.1431250095    0.216250003
52.44499969     0.2256250053    0.14125
52.57899857     0.2718750059    0.02624999978
52.71300125     0.2293750017    -0.08374999404
52.84799957     0.1718750119    -0.1687500024
52.98199844     0.08812500232   -0.2262500072
53.11600113     -0.03062500364  -0.2437499905
53.25   -0.148124981    -0.2200000131
53.38399887     -0.2318749905   -0.1624999934
53.51800156     -0.2781249762   -0.07249999732
53.65200043     -0.2706249834   0.03874999996
53.78699875     -0.2231249691   0.1462500027
53.92100143     -0.1306249977   0.222499997
54.05500031     -0.01312499053  0.2512499994
54.18899918     0.1006250053    0.2399999952
54.32300186     0.1893750026    0.1749999976
54.45700073     0.2681250057    0.08250000015
54.5909996      0.2631250031    -0.02499999791
54.72600174     0.2093750059    -0.1187500054
54.86000061     0.1356250017    -0.1887499982
54.99399948     0.02812499993   -0.2287500048
55.12799835     -0.08687500961  -0.2287500048
55.26200104     -0.1893750013   -0.1887499982
55.39599991     -0.2631249905   -0.121250003
55.52999878     -0.2906250239   -0.02374999911
55.66500092     -0.2593750239   0.09000000045
55.79899979     -0.1943749965   0.178749994
55.93299866     -0.0706249953   0.2312500036
56.06700134     0.04312501543   0.2387499964
56.20100021     0.1456250071    0.2025000012
56.33499908     0.2268750041    0.1387500024
56.46900177     0.280625005     0.04250000011
56.60400009     0.2418750047    -0.06499999702
56.73799896     0.1793750047    -0.1500000054
56.87200165     0.1018750041    -0.2012500012
57.00600052     -0.02187498219  -0.2237500095
57.13999939     -0.1431249858   -0.2049999976
57.27399826     -0.2318749905   -0.158749997
57.40800095     -0.2843750001   -0.07625000119
57.54299927     -0.2868749977   0.02999999993
57.67699814     -0.2343749881   0.1262499994
57.81100082     -0.1431249858   0.1837500042
57.94499969     -0.02312498099  0.2337500012
58.07899857     0.09812500768   0.2212499982
58.21300125     0.1906250014    0.1762499964
58.34700012     0.2718750059    0.0937500006
58.48199844     0.2768750048    -0.01249999866
58.61600113     0.2193750038    -0.09999999344
58.75   0.1468750059    -0.1700000012
58.88399887     0.04312501543   -0.2099999928
59.01800156     -0.08062498576  -0.2137499893
59.15200043     -0.1906250001   -0.1800000066
59.2859993      -0.2656249881   -0.1187500054
59.42100143     -0.2981250168   -0.03999999851
59.55500031     -0.2706249834   0.0637499994
59.68899918     -0.2006249905   0.1499999991
59.82300186     -0.08687500961  0.2074999964
59.95700073     0.03562499278   0.2212499982
60.0909996      0.1368750005    0.197500006
60.22600174     0.236875002     0.1300000033
60.36000061     0.289375005     0.04000000017
60.49399948     0.2606250054    -0.05125000268
60.62799835     0.1943750053    -0.127499997
60.76200104     0.1081249981    -0.1825000042
60.89599991     -0.01187499172  -0.2062499964
61.02999878     -0.1368749917   -0.1912499958
61.16500092     -0.2343749881   -0.1487500066
61.29899979     -0.2906250239   -0.08124999642
61.43299866     -0.2868749977   0.006249998361
61.56700134     -0.241874981    0.1024999997
61.70100021     -0.1606249989   0.1762499964
61.83499908     -0.03062500364  0.2074999964
61.96900177     0.09437501126   0.1949999934
62.10400009     0.186875005     0.1587499982
62.23799896     0.2706250034    0.09624999821
62.37200165     0.2831250045    0.006249998361
62.50600052     0.2343750044    -0.08374999404
62.63999939     0.1556249975    -0.152500003
62.77399826     0.04937500947   -0.1874999994
62.90800095     -0.07562499053  -0.1975000048
63.04299927     -0.1918749989   -0.1700000012
63.17699814     -0.2631249905   -0.1137499952
63.31100082     -0.3018749834   -0.04375000238
63.44499969     -0.2781249762   0.05499999983
63.57899857     -0.2056249858   0.1337499997
63.71300125     -0.1031249941   0.1749999976
63.84700012     0.02687500112   0.1924999958
63.98199844     0.1343750029    0.1799999928
64.11599731     0.2406250059    0.1300000033
64.25   0.2918750045    0.05499999983
64.38400269     0.2781250055    -0.03625000209
64.51799774     0.2068750083    -0.1112499976
64.65200043     0.1156250059    -0.1624999934
64.78600311     -0.004374998876 -0.1825000042
64.92099762     -0.1343749941   -0.177499994
65.05500031     -0.2281250239   -0.1449999952
65.18900299     -0.2943749905   -0.08124999642
65.32299805     -0.2968749881   -0.001249998212
65.45700073     -0.2568749667   0.08125000134
65.59100342     -0.173124987    0.1449999964
65.72499847     -0.03812499649  0.1825000054
65.86000061     0.0856250047    0.185000003
65.9940033      0.1831250011    0.1512499979
66.12799835     0.2756250042    0.09000000045
66.26200104     0.2956250047    0.003750000745
66.39600372     0.2468750037    -0.06750000209
66.52999878     0.1668750017    -0.1299999946
66.66400146     0.06437501006   -0.1675000036
66.7990036      -0.06812499768  -0.1737499976
66.93299866     -0.1818750084   -0.1562499994
67.06700134     -0.2693750144   -0.114999994
67.2009964      -0.304374981    -0.04749999881
67.33499908     -0.2881249667   0.03375000007
67.46900177     -0.2168750048   0.11
67.60299683     -0.1131249846   0.1625000021
67.73799896     0.01687501066   0.1875000006
67.87200165     0.1306250065    0.159999997
68.0059967      0.2331250056    0.1150000027
68.13999939     0.2956250047    0.05375000009
68.27400208     0.2818750038    -0.02374999911
68.40799713     0.218125005     -0.0925000006
68.54199982     0.1268750101    -0.14
68.67700195     0.005624991587  -0.1662500048
68.81099701     -0.1293749989   -0.165000006
68.94499969     -0.2281250239   -0.1350000048
69.07900238     -0.2968749881   -0.08124999642
69.21299744     -0.3018749834   -0.01249999866
69.34700012     -0.2706249834   0.06500000007
69.48100281     -0.1818750084   0.1237500018
69.61599731     -0.04812498696  0.1524999967
69.75   0.08187500828   0.1587499982
69.88400269     0.1818750023    0.1349999985
70.01799774     0.2731250047    0.08875000164
70.15200043     0.2981250046    0.02125000082
70.28600311     0.2668750032    -0.05250000149
70.41999817     0.1743750095    -0.1099999988
70.55500031     0.07812501185   -0.1449999952
70.68900299     -0.05437498099  -0.1624999934
70.82299805     -0.179374981    -0.1449999952
70.95700073     -0.2681249858   -0.1075000012
71.09100342     -0.3118749738   -0.05250000149
71.22499847     -0.2893749953   0.00999999851
71.35900116     -0.2293749929   0.0937500006
71.4940033      -0.116874981    0.1349999985
71.62799835     0.009375017813  0.1550000018
71.76200104     0.1193750023    0.1449999964
71.89600372     0.2193750038    0.1150000027
72.02999878     0.2943750049    0.05625000004
72.16400146     0.2968750049    -0.01749999762
72.29799652     0.2218750014    -0.07375000358
72.43299866     0.1331250041    -0.1225000018
72.56700134     0.01437501304   -0.1449999952
72.7009964      -0.121875006    -0.1474999928
72.83499908     -0.2243749977   -0.1237500006
72.96900177     -0.2931250215   -0.08124999642
73.10299683     -0.304374981    -0.02125000149
73.23699951     -0.2756249786   0.04625000003
73.37200165     -0.1931249977   0.1074999987
73.5059967      -0.06562500007  0.1387500024
73.63999939     0.0693750053    0.1462500027
73.77400208     0.1731250107    0.1274999982
73.90799713     0.2768750048    0.08250000015
74.04199982     0.3106250048    0.02125000082
74.1760025      0.2706250034    -0.03999999851
74.31099701     0.1806250035    -0.09125000179
74.44499969     0.0856250047    -0.1249999994
74.57900238     -0.04312499172  -0.1387500012
74.71299744     -0.1743749858   -0.133750006
74.84700012     -0.2631249905   -0.09999999344
74.98100281     -0.3106250048   -0.0537500003
75.11499786     -0.2993749858   0.004999999553
75.25   -0.2431250096   0.0637499994
75.38400269     -0.1331249953   0.1124999976
75.51799774     -0.005624997684 0.1349999985
75.65200043     0.1168750047    0.122500003
75.78600311     0.218125005     0.1012500009
75.91999817     0.2943750049    0.05875000045
76.05400085     0.2981250046    -0.001249998212
76.18900299     0.2318750068    -0.05499999911
76.32299805     0.1418750107    -0.09874999464
76.45700073     0.02437500351   -0.1237500006
76.59100342     -0.110624987    -0.1287499958
76.72499847     -0.2193750025   -0.10875
76.85900116     -0.2918749929   -0.07500000238
76.9940033      -0.3093749762   -0.0312499994
77.12799835     -0.2806249738   0.02750000045
77.26200104     -0.1993750215   0.07625000052
77.39600372     -0.07437499172  0.1137499964
77.52999878     0.06187499755   0.122500003
77.66400146     0.1556249975    0.11
77.79799652     0.2693750046    0.07875
77.93299866     0.3118750045    0.03375000007
78.06700134     0.285625004     -0.02875000179
78.2009964      0.2031250044    -0.06750000209
78.33499908     0.09562501006   -0.1012500072
78.46900177     -0.03187500245  -0.1175000066
78.60299683     -0.1656249941   -0.1124999964
78.73699951     -0.2606249929   -0.09125000179
78.87200165     -0.3068749786   -0.05499999911
79.0059967      -0.304374981    -0.01000000104
79.13999939     -0.2506250025   0.0475
79.27400208     -0.1543750048   0.08875000164
79.40799713     -0.01562498815  0.1124999976
79.54199982     0.1106250107    0.1112499988
79.6760025      0.2231250077    0.08875000164
79.81099701     0.2968750049    0.04500000006
79.94499969     0.3018750048    -0.001249998212
80.07900238     0.2431250035    -0.04124999732
80.21299744     0.1481250047    -0.07500000238
80.34700012     0.03812499039   -0.1012500072
80.48100281     -0.09562500126  -0.10875
80.61499786     -0.2168750048   -0.102500006
80.75   -0.2893749953   -0.06625000328
80.88400269     -0.3118749738   -0.0387499997
81.01799774     -0.2781249762   0.01625
81.15200043     -0.2131249786   0.06124999993
81.28600311     -0.08187498457  0.09000000045
81.41999817     0.05062500828   0.1037499985
81.55400085     0.1481250047    0.08875000164
81.68900299     0.2593750029    0.06749999955
81.82299805     0.3081250046    0.03250000034
81.95700073     0.289375005     -0.01124999985
82.09100342     0.2031250044    -0.04874999762
82.22499847     0.1056250005    -0.07999999762
82.35900116     -0.02437500961  -0.1012500072
82.49299622     -0.1581250013   -0.102500006
82.62799835     -0.2518749715   -0.07999999762
82.76200104     -0.3056250096   -0.0537500003
82.89600372     -0.3068749786   -0.01749999762
83.02999878     -0.2568749667   0.02624999978
83.16400146     -0.153125006    0.05375000009
83.29799652     -0.02812500603  0.07499999985
83.43199921     0.1056250005    0.08500000149
83.56700134     0.205625002     0.07250000037
83.7009964      0.2918750045    0.05625000004
83.83499908     0.3043750047    0.01249999985
83.96900177     0.249375005     -0.02875000179
84.10299683     0.1568750113    -0.05749999672
84.23699951     0.04687501185   -0.07874999881
84.3710022      -0.08812500841  -0.09125000179
84.5059967      -0.2031249881   -0.08249999523
84.63999939     -0.2881249667   -0.0624999994
84.77400208     -0.3118749738   -0.04124999732
84.90799713     -0.2881249667   -0.003749999553
85.04199982     -0.2143750072   0.02999999993
85.1760025      -0.08687500961  0.06124999993
85.30999756     0.03812499039   0.07374999918
85.44499969     0.1381249993    0.07625000052
85.57900238     0.2468750037    0.06249999966
85.71299744     0.3043750047    0.02999999993
85.84700012     0.289375005     -0.007499999702
85.98100281     0.2093750059    -0.03374999702
86.11499786     0.1093750119    -0.05624999791
86.24900055     -0.0081249953   -0.07249999732
86.38400269     -0.1456249834   -0.0775
86.51799774     -0.2493749738   -0.06750000209
86.65200043     -0.303125012    -0.05250000149
86.78600311     -0.3068749786   -0.02750000298
86.91999817     -0.2618750215   0.00999999851
87.05400085     -0.1581250013   0.04500000006
87.18800354     -0.03812499649  0.0637499994
87.32299805     0.09687500887   0.06625000075
87.45700073     0.2006250068    0.05749999978
87.59100342     0.2843750051    0.03874999996
87.72499847     0.3068750046    0.01750000067
87.85900116     0.2568750053    -0.01624999881
87.99299622     0.1643750041    -0.03999999851
88.1269989      0.05937499993   -0.05749999672
88.26200104     -0.07937498696  -0.06875000089
88.39600372     -0.1956249953   -0.06750000209
88.52999878     -0.2868749977   -0.05749999672
88.66400146     -0.3106250048   -0.03625000209
88.79799652     -0.2843750001   -0.01249999866
88.93199921     -0.2243749977   0.01249999985
89.06600189     -0.1093749881   0.03375000007
89.2009964      0.0231250047    0.04874999997
89.33499908     0.1393749981    0.05625000004
89.46900177     0.244375006     0.04500000006
89.60299683     0.3006250048    0.03375000007
89.73699951     0.2793750043    0.00999999851
89.8710022      0.2118750035    -0.02374999911
90.00499725     0.1193750023    -0.04124999732
90.13999939     -0.004374998876 -0.0537500003
90.27400208     -0.1356249929   -0.05749999672
90.40799713     -0.2356250168   -0.05624999791
90.54199982     -0.2993749858   -0.04625
90.6760025      -0.304374981    -0.02875000179
90.80999756     -0.2618750215   -0.007499999702
90.94400024     -0.1706249893   0.01374999866
91.07900238     -0.04187499292  0.03624999955
91.21299744     0.08312500708   0.04625000003
91.34700012     0.1856250062    0.04625000003
91.48100281     0.2768750048    0.04250000011
91.61499786     0.3031250047    0.02000000015
91.74900055     0.2556250065    -0.00874999851
91.88300323     0.1718750119    -0.02624999672
92.01799774     0.07187500291   -0.0387499997
92.15200043     -0.06812499768  -0.04999999642
92.28600311     -0.1868750036   -0.0537500003
92.41999817     -0.2743750096   -0.05250000149
92.55400085     -0.304374981    -0.03625000209
92.68800354     -0.2931250215   -0.02499999791
92.8219986      -0.2268749953   -0.001249998212
92.95700073     -0.1118749858   0.0237500003
93.09100342     0.01187501543   0.03750000022
93.22499847     0.1268750101    0.04250000011
93.35900116     0.2281250029    0.04250000011
93.49299622     0.2968750049    0.03375000007
93.6269989      0.2818750038    0.01874999948
93.76200104     0.2218750014    0.0000000005960464483
93.89600372     0.1243749975    -0.01874999642
94.02999878     0.008125019005  -0.0312499994
94.16400146     -0.1243750036   -0.04250000358
94.29799652     -0.2256249667   -0.04375000238
94.43199921     -0.2993749858   -0.03750000089
94.56600189     -0.303125012    -0.03374999702
94.7009964      -0.2681249858   -0.01749999762
94.83499908     -0.1881250025   -0.006250000894
94.96900177     -0.05562500961  0.008749999702
95.10299683     0.07687499814   0.01374999866
95.23699951     0.1743750095    0.02624999978
95.3710022      0.2631250031    0.02624999978
95.50499725     0.2931250043    0.0237500003
95.63999939     0.2568750053    0.01500000119
95.77400208     0.1706249981    0.0000000005960464483
95.90799713     0.07687499814   -0.01624999881
96.04199982     -0.05187498338  -0.02875000179
96.1760025      -0.179374981    -0.03625000209
96.30999756     -0.2631249905   -0.0387499997
96.44400024     -0.3068749786   -0.03750000089
96.57900238     -0.2918749929   -0.0312499994
96.71299744     -0.2318749905   -0.02624999672
96.84700012     -0.121875006    -0.01124999985
96.98100281     0.004374992779  0.002499998212
97.11499786     0.1168750047    0.01625
97.24900055     0.218125005     0.02750000045
97.38300323     0.2906250048    0.03874999996
97.51799774     0.2881250053    0.0237500003
97.65200043     0.2218750014    0.01374999866
97.78600311     0.1343750029    -0.001249998212
97.91999817     0.01687501066   -0.01375000119
98.05400085     -0.1156249822   -0.0225000003
98.18800354     -0.2143750072   -0.02499999791
98.3219986      -0.2893749953   -0.03374999702
98.45700073     -0.3018749834   -0.03999999851
98.59100342     -0.273124981    -0.0387499997
98.72499847     -0.1943749965   -0.03249999821
98.85900116     -0.06812499768  -0.02000000268
98.99299622     0.06812500649   -0.002500000745
99.1269989      0.1668750017    0.01625
99.26100159     0.2643750056    0.01874999948
99.39600372     0.2968750049    0.02750000045
99.52999878     0.2556250065    0.0312500006
99.66400146     0.1806250035    0.01625
99.79799652     0.08437500589   0.00999999851
99.93199921     -0.04437499053  0.001249999404
100.0660019     -0.1631249965   -0.02125000149
100.1999969     -0.2506250025   -0.0312499994
100.3349991     -0.2968749881   -0.03750000089
100.4690018     -0.2843750001   -0.04375000238
100.6029968     -0.2331250191   -0.04124999732
100.7369995     -0.1331249953   -0.03249999821
100.8710022     -0.009374994108 -0.01874999642
101.0049973     0.1106250107    0.003750000745
101.1389999     0.2068750083    0.01249999985
101.2740021     0.280625005     0.02624999978
101.4079971     0.2768750048    0.04000000017
101.5419998     0.2256250053    0.04124999991
101.6760025     0.1368750005    0.03624999955
101.8099976     0.02562500232   0.02249999963
101.9440002     -0.1018749953   -0.001249998212
102.0780029     -0.210624981    -0.007499999702
102.2129974     -0.2806249738   -0.02374999911
102.3470001     -0.3006250144   -0.03999999851
102.4810028     -0.2706249834   -0.04749999881
102.6149979     -0.1956249953   -0.04375000238
102.7490005     -0.07437499172  -0.04250000358
102.8830032     0.0543750047    -0.02750000298
103.0169983     0.1531249999    0.0000000005960464483
103.1520004     0.2506250038    0.01625
103.2860031     0.289375005     0.02999999993
103.4199982     0.2481250062    0.0312500006
103.5540009     0.1856250062    0.03624999955
103.6880035     0.08812500232   0.03750000022
103.8219986     -0.02812500603  0.03499999981
103.9560013     -0.1506250084   0.02000000015
104.0910034     -0.241874981    -0.002500000745
104.2249985     -0.2931250215   -0.02374999911
104.3590012     -0.2843750001   -0.04375000238
104.4929962     -0.2293749929   -0.0537500003
104.6269989     -0.1368749917   -0.05250000149
104.7610016     -0.01437498934  -0.04250000358
104.8949966     0.1031250029    -0.0300000006
105.0299988     0.2018750056    -0.002500000745
105.1640015     0.2718750059    0.008749999702
105.2979965     0.2693750046    0.02499999911
105.4319992     0.218125005     0.04874999997
105.5660019     0.1393749981    0.04625000003
105.6999969     0.03187499636   0.05124999992
105.8339996     -0.08812500841  0.03750000022
105.9690018     -0.1968750239   0.01125000104
106.1029968     -0.2693750144   -0.02499999791
106.2369995     -0.2956250191   -0.03999999851
106.3710022     -0.2643750191   -0.05250000149
106.5049973     -0.1968750239   -0.05499999911
106.6389999     -0.08562498099  -0.0537500003
106.7730026     0.04062501781   -0.04999999642
106.9079971     0.1456250071    -0.015
107.0419998     0.2268750041    0.00999999851
107.1760025     0.2818750038    0.01750000067
107.3099976     0.2531250051    0.04000000017
107.4440002     0.1806250035    0.05625000004
107.5780029     0.09562501006   0.05625000004
107.711998      -0.02187498219  0.05124999992
107.8470001     -0.1443749846   0.02249999963
107.9810028     -0.2318749905   0.0000000005960464483
108.1149979     -0.2843750001   -0.0225000003
108.2490005     -0.2856249691   -0.04625
108.3830032     -0.2368749858   -0.05875000298
108.5169983     -0.1443749846   -0.06499999702
108.651001      -0.02687500722  -0.0612500006
108.7860031     0.09187499874   -0.05125000268
108.9199982     0.1806250035    -0.02624999672
109.0540009     0.2556250065    -0.004999998361
109.1880035     0.2643750056    0.02999999993
109.3219986     0.2206250026    0.04874999997
109.4560013     0.1406250119    0.05499999983
109.5899963     0.04062501781   0.06124999993
109.7249985     -0.07937498696  0.05249999989
109.8590012     -0.1856250048   0.0312500006
109.9929962     -0.2568749667   0.0000000005960464483
110.1269989     -0.2868749977   -0.03374999702
110.2610016     -0.2581249953   -0.05624999791
110.3949966     -0.2006249905   -0.06750000209
110.5299988     -0.08437498219  -0.07249999732
110.6640015     0.03812499039   -0.06750000209
110.7979965     0.1306250065    -0.04874999762
110.9319992     0.2218750014    -0.01624999881
111.0660019     0.2706250034    0.02624999978
111.1999969     0.2393750071    0.03874999996
111.3339996     0.1843750074    0.05499999983
111.4690018     0.1043750017    0.06124999993
111.6029968     -0.01187499172  0.06124999993
111.7369995     -0.1306249977   0.0475
111.8710022     -0.2181249738   0.02125000082
112.0049973     -0.273124981    -0.02374999911
112.1389999     -0.273124981    -0.04375000238
112.2730026     -0.2318749905   -0.06374999821
112.4079971     -0.1431249858   -0.07500000238
112.5419998     -0.03062500364  -0.0775
112.6760025     0.08687500351   -0.0612500006
112.8099976     0.1731250107    -0.02750000298
112.9440002     0.2468750037    -0.006250000894
113.0780029     0.2618750043    0.02624999978
113.211998      0.218125005     0.05249999989
113.3470001     0.1456250071    0.07499999985
113.4810028     0.05187500708   0.07749999933
113.6149979     -0.06812499768  0.0712499997
113.7490005     -0.1743749858   0.04375000008
113.8830032     -0.2518749715   0.002499998212
114.0169983     -0.2818750025   -0.0300000006
114.151001      -0.2556249977   -0.05624999791
114.2860031     -0.2031249881   -0.07625000119
114.4199982     -0.08937500722  -0.08875000417
114.5540009     0.02187500589   -0.07874999881
114.6880035     0.1181250035    -0.0612500006
114.8219986     0.2081250071    -0.0312499994
114.9560013     0.2581250041    0.003750000745
115.0899963     0.2381250083    0.03874999996
115.2249985     0.1831250011    0.06500000007
115.3590012     0.1068749993    0.07625000052
115.4929962     -0.0006250024526        0.07625000052
115.6269989     -0.1193750084   0.06124999993
115.7610016     -0.2068750144   0.03375000007
115.8949966     -0.2631249905   -0.006250000894
116.0289993     -0.2681249858   -0.04749999881
116.1640015     -0.2343749881   -0.0699999997
116.2979965     -0.153125006    -0.0937499994
116.4319992     -0.03437500007  -0.0937499994
116.5660019     0.07812501185   -0.08249999523
116.6999969     0.1581250101    -0.05624999791
116.8339996     0.2281250029    -0.02000000268
116.9680023     0.2506250038    0.0237500003
117.1029968     0.2131250023    0.05375000009
117.2369995     0.1443750083    0.07625000052
117.3710022     0.05687500232   0.0937500006
117.5049973     -0.05562500961  0.07999999881
117.6389999     -0.1618749977   0.06000000019
117.7730026     -0.2356250168   0.0237500003
117.9069977     -0.2743750096   -0.02875000179
118.0419998     -0.2531250001   -0.0624999994
118.1760025     -0.2043750168   -0.08750000536
118.3099976     -0.09687500007  -0.09874999464
118.4440002     0.01062501662   -0.09499999821
118.5780029     0.1081249981    -0.0699999997
118.711998      0.1906250014    -0.03999999851
118.8460007     0.2418750047    -0.00874999851
118.9810028     0.2243750065    0.03750000022
119.1149979     0.1818750023    0.07499999985
119.2490005     0.1131250083    0.09624999821
119.3830032     0.01062501662   0.09750000075
119.5169983     -0.1031249941   0.07625000052
119.651001      -0.1968750239   0.04500000006
119.7850037     -0.2506250025   -0.001249998212
119.9199982     -0.2568749667   -0.04500000119
120.0540009     -0.2231249691   -0.07375000358
120.1880035     -0.1443749846   -0.1012500072
120.3219986     -0.04312499172  -0.1050000036
120.4560013     0.06562500887   -0.09874999464
120.5899963     0.1456250071    -0.06875000089
120.723999      0.2131250023    -0.0312499994
120.8590012     0.2418750047    0.02000000015
120.9929962     0.2093750059    0.06500000007
121.1269989     0.1431250095    0.0949999994
121.2610016     0.06562500887   0.1124999976
121.3949966     -0.04812498696  0.09624999821
121.5289993     -0.148124981    0.07000000089
121.663002      -0.2218750001   0.03624999955
121.7979965     -0.2531250001   -0.01249999866
121.9319992     -0.241874981    -0.06000000179
122.0660019     -0.1956249953   -0.09499999821
122.1999969     -0.09812499888  -0.1124999964
122.3339996     0.006874990395  -0.1137499952
122.4680023     0.1031250029    -0.0937499994
122.6019974     0.1793750047    -0.05624999791
122.7369995     0.2293750017    -0.015
122.8710022     0.2156250074    0.03624999955
123.0049973     0.1756250083    0.08875000164
123.1389999     0.1056250005    0.1175000003
123.2730026     0.01187501543   0.1175000003
123.4069977     -0.09437500245  0.09999999836
123.5410004     -0.184375006    0.06749999955
123.6760025     -0.241874981    0.006249998361
123.8099976     -0.2493749738   -0.03999999851
123.9440002     -0.2206249715   -0.08124999642
124.0780029     -0.148124981    -0.1099999988
124.211998      -0.04937498576  -0.114999994
124.3460007     0.05312500589   -0.1075000012
124.4800034     0.1318750053    -0.08124999642
124.6149979     0.2006250068    -0.04250000358
124.7490005     0.2381250083    0.001249999404
124.8830032     0.1931250065    0.06249999966
125.0169983     0.1431250095    0.1037499985
125.151001      0.06562500887   0.1199999979
125.2850037     -0.0393749953   0.1175000003
125.4189987     -0.1381249905   0.09000000045
125.5540009     -0.2068750144   0.04000000017
125.6880035     -0.2431250096   -0.01624999881
125.8219986     -0.2306250215   -0.0612500006
125.9560013     -0.1918749989   -0.09874999464
126.0899963     -0.1043749929   -0.1237500006
126.223999      -0.009374994108 -0.1287499958
126.3580017     0.09687500887   -0.1075000012
126.4929962     0.1593750089    -0.06750000209
126.6269989     0.2156250074    -0.01749999762
126.7610016     0.2081250071    0.04000000017
126.8949966     0.1643750041    0.08875000164
127.0289993     0.1131250083    0.1212499967
127.163002      0.01937500828   0.1300000033
127.2979965     -0.08312498338  0.1112499988
127.4319992     -0.1706249893   0.08125000134
127.5660019     -0.2243749977   0.0237500003
127.6999969     -0.240625012    -0.03750000089
127.8339996     -0.2043750168   -0.08249999523
127.9680023     -0.148124981    -0.1162499928
128.102005      -0.05312498219  -0.133750006
128.2369995     0.03812499039   -0.1287499958
128.3710022     0.1218749999    -0.09624999702
128.5050049     0.1831250011    -0.04874999762
128.6390076     0.2168750062    0.002499998212
128.772995      0.1881250038    0.0712499997
128.9069977     0.1381249993    0.1137499964
129.0410004     0.0693750053    0.1349999985
129.1759949     -0.02437500961  0.1250000006
129.3099976     -0.1243750036   0.1087500012
129.4440002     -0.1931249977   0.05875000045
129.5780029     -0.2306250215   -0.003749999553
129.7120056     -0.2181249738   -0.05875000298
129.845993      -0.1868750036   -0.1037500048
129.9799957     -0.110624987    -0.133750006
130.1150055     -0.01312499053  -0.1375000024
130.2489929     0.0856250047    -0.1162499928
130.3829956     0.1481250047    -0.0775
130.5169983     0.2006250068    -0.02875000179
130.651001      0.1956250041    0.0312500006
130.7850037     0.1631250053    0.09124999925
130.9190063     0.1106250107    0.1300000033
131.0540009     0.02562500232   0.14125
131.1880035     -0.07437499172  0.1274999982
131.3220062     -0.1568750025   0.09124999925
131.4559937     -0.210624981    0.03250000034
131.5899963     -0.2268749953   -0.03500000328
131.723999      -0.1968750239   -0.08499999285
131.8580017     -0.141874987    -0.1237500006
131.9929962     -0.06687499888  -0.14
132.1269989     0.03437499397   -0.1362500036
132.2610016     0.1143750071    -0.1075000012
132.3950043     0.1668750017    -0.06374999821
132.529007      0.1968750029    -0.001249998212
132.6629944     0.1806250035    0.06625000075
132.7969971     0.1343750029    0.1187499991
132.9320068     0.06562500887   0.1437499976
133.0659943     -0.02187498219  0.1400000012
133.1999969     -0.110624987    0.1175000003
133.3339996     -0.1831250072   0.0712499997
133.4680023     -0.2193750025   0.007500000894
133.602005      -0.2068750144   -0.05624999791
133.7359924     -0.1831250072   -0.1062500024
133.8710022     -0.09812499888  -0.1387500012
134.0050049     -0.01812498576  -0.1474999928
134.1390076     0.08062500947   -0.1350000048
